0 0 0 0 0 0 0 0 0 0 0 0 0 0 0 0 0 0 0 0 0 0 0 0 0 0 0
0 1 2 3 4 5 6 7 8 9 10 11 12 13 14 15 16 17 18 19 20 21 22 23 24 25 26
0 2 1 6 8 7 3 5 4 18 20 19 24 26 25 21 23 22 9 11 10 15 17 16 12 14 13
0 3 6 9 12 15 18 21 24 5 8 2 14 17 11 23 26 20 7 1 4 16 10 13 25 19 22
0 4 8 12 16 11 24 19 23 14 15 10 26 18 22 2 3 7 25 20 21 1 5 6 13 17 9
0 5 7 15 11 13 21 26 19 23 25 18 2 4 6 17 10 12 16 9 14 22 24 20 1 3 8
0 6 3 18 24 21 9 15 12 7 4 1 25 22 19 16 13 10 5 2 8 23 20 26 14 11 17
0 7 5 21 19 26 15 13 11 16 14 9 1 8 3 22 20 24 23 18 25 17 12 10 2 6 4
0 8 4 24 23 19 12 11 16 25 21 20 13 9 17 1 6 5 14 10 15 2 7 3 26 22 18
0 9 18 5 14 23 7 16 25 15 24 6 11 20 2 13 22 4 21 3 12 26 8 17 19 1 10
0 10 20 8 15 25 4 14 21 24 7 17 23 3 13 19 2 9 12 22 5 11 18 1 16 26 6
0 11 19 2 10 18 1 9 20 6 17 25 8 16 24 7 15 26 3 14 22 5 13 21 4 12 23
0 12 24 14 26 2 25 1 13 11 23 8 22 7 10 6 9 21 19 4 16 3 15 18 17 20 5
0 13 26 17 18 4 22 8 9 20 3 16 7 11 21 12 25 2 10 23 6 24 1 14 5 15 19
0 14 25 11 22 6 19 3 17 2 13 24 10 21 8 18 5 16 1 12 26 9 23 7 20 4 15
0 15 21 23 2 17 16 22 1 13 19 7 6 12 18 20 8 14 26 5 11 10 25 4 3 9 24
0 16 23 26 3 10 13 20 6 22 2 15 9 25 5 8 12 19 17 21 1 4 11 24 18 7 14
0 17 22 20 7 12 10 24 5 4 9 26 21 2 16 14 19 6 8 13 18 25 3 11 15 23 1
0 18 9 7 25 16 5 23 14 21 12 3 19 10 1 26 17 8 15 6 24 13 4 22 11 2 20
0 19 11 1 20 9 2 18 10 3 22 14 4 23 12 5 21 13 6 25 17 7 26 15 8 24 16
0 20 10 4 21 14 8 25 15 12 5 22 16 6 26 11 1 18 24 17 7 19 9 2 23 13 3
0 21 15 16 1 22 23 17 2 26 11 5 3 24 9 10 4 25 13 7 19 20 14 8 6 18 12
0 22 17 10 5 24 20 12 7 8 18 13 15 1 23 25 11 3 4 26 9 14 6 19 21 16 2
0 23 16 13 6 20 26 10 3 17 1 21 18 14 7 4 24 11 22 15 2 8 19 12 9 5 25
0 24 12 25 13 1 14 2 26 19 16 4 17 5 20 3 18 15 11 8 23 6 21 9 22 10 7
0 25 14 19 17 3 11 6 22 1 26 12 20 15 4 9 7 23 2 24 13 18 16 5 10 8 21
0 26 13 22 9 8 17 4 18 10 6 23 5 19 15 24 14 1 20 16 3 12 2 25 7 21 11
