0 0 0 0 0 0 0 0 0 0 0 0 0 0 0 0 0 0 0 0 0 0 0 0 0 0 0 0 0 0 0 0 0 0 0 0 0 0 0 0 0 0 0 0 0 0 0 0 0 0 0 0 0 0 0 0 0 0 0 0 0 0 0 0 0 0 0 0 0 0 0 0 0 0 0 0 0 0 0 0 0
0 1 2 3 4 5 6 7 8 9 10 11 12 13 14 15 16 17 18 19 20 21 22 23 24 25 26 27 28 29 30 31 32 33 34 35 36 37 38 39 40 41 42 43 44 45 46 47 48 49 50 51 52 53 54 55 56 57 58 59 60 61 62 63 64 65 66 67 68 69 70 71 72 73 74 75 76 77 78 79 80
0 2 1 6 8 7 3 5 4 18 20 19 24 26 25 21 23 22 9 11 10 15 17 16 12 14 13 54 56 55 60 62 61 57 59 58 72 74 73 78 80 79 75 77 76 63 65 64 69 71 70 66 68 67 27 29 28 33 35 34 30 32 31 45 47 46 51 53 52 48 50 49 36 38 37 42 44 43 39 41 40
0 3 6 9 12 15 18 21 24 27 30 33 36 39 42 45 48 51 54 57 60 63 66 69 72 75 78 7 1 4 16 10 13 25 19 22 34 28 31 43 37 40 52 46 49 61 55 58 70 64 67 79 73 76 5 8 2 14 17 11 23 26 20 32 35 29 41 44 38 50 53 47 59 62 56 68 71 65 77 80 74
0 4 8 12 16 11 24 19 23 36 40 44 48 52 47 33 28 32 72 76 80 57 61 56 69 64 68 34 29 30 37 41 42 49 53 45 70 65 66 73 77 78 58 62 54 25 20 21 1 5 6 13 17 9 59 60 55 71 63 67 74 75 79 14 15 10 26 18 22 2 3 7 50 51 46 35 27 31 38 39 43
0 5 7 15 11 13 21 26 19 45 50 52 33 29 31 39 44 37 63 68 70 78 74 76 57 62 55 61 54 59 67 69 65 73 75 80 25 18 23 4 6 2 10 12 17 43 36 41 49 51 47 28 30 35 32 34 27 38 40 42 53 46 48 77 79 72 56 58 60 71 64 66 14 16 9 20 22 24 8 1 3
0 6 3 18 24 21 9 15 12 54 60 57 72 78 75 63 69 66 27 33 30 45 51 48 36 42 39 5 2 8 23 20 26 14 11 17 59 56 62 77 74 80 68 65 71 32 29 35 50 47 53 41 38 44 7 4 1 25 22 19 16 13 10 61 58 55 79 76 73 70 67 64 34 31 28 52 49 46 43 40 37
0 7 5 21 19 26 15 13 11 63 70 68 57 55 62 78 76 74 45 52 50 39 37 44 33 31 29 32 27 34 53 48 46 38 42 40 14 9 16 8 3 1 20 24 22 77 72 79 71 66 64 56 60 58 61 59 54 73 80 75 67 65 69 43 41 36 28 35 30 49 47 51 25 23 18 10 17 12 4 2 6
0 8 4 24 23 19 12 11 16 72 80 76 69 68 64 57 56 61 36 44 40 33 32 28 48 47 52 59 55 60 74 79 75 71 67 63 50 46 51 38 43 39 35 31 27 14 10 15 2 7 3 26 22 18 34 30 29 49 45 53 37 42 41 25 21 20 13 9 17 1 6 5 70 66 65 58 54 62 73 78 77
0 9 18 27 36 45 54 63 72 7 16 25 34 43 52 61 70 79 5 14 23 32 41 50 59 68 77 21 3 12 48 30 39 75 57 66 19 1 10 46 28 37 73 55 64 26 8 17 53 35 44 80 62 71 15 24 6 42 51 33 69 78 60 13 22 4 40 49 31 67 76 58 11 20 2 38 47 29 65 74 56
0 10 20 30 40 50 60 70 80 16 26 6 37 47 27 67 77 57 23 3 13 53 33 43 74 54 64 48 31 41 78 61 71 18 1 11 28 38 45 58 68 75 7 17 24 44 51 34 65 72 55 14 21 4 69 79 62 9 19 2 39 49 32 76 59 66 25 8 15 46 29 36 56 63 73 5 12 22 35 42 52
0 11 19 33 44 52 57 68 76 25 6 17 49 30 41 73 54 65 14 22 3 38 46 27 71 79 60 75 59 67 18 2 10 51 35 43 64 72 56 16 24 8 40 48 32 62 70 78 5 13 21 29 37 45 42 53 34 66 77 58 9 20 1 31 39 50 55 63 74 7 15 26 47 28 36 80 61 69 23 4 12
0 12 24 36 48 33 72 57 69 34 37 49 70 73 58 25 1 13 59 71 74 14 26 2 50 35 38 19 4 16 28 40 52 64 76 61 53 29 41 62 65 77 17 20 5 75 60 63 3 15 18 39 51 27 11 23 8 47 32 44 56 68 80 42 45 30 78 54 66 6 9 21 67 79 55 22 7 10 31 43 46
0 13 26 39 52 29 78 55 68 43 47 30 73 59 69 4 17 18 77 60 64 8 9 22 38 48 34 46 32 42 58 71 72 16 20 3 62 63 76 11 21 7 50 33 37 12 25 2 51 28 41 54 67 80 65 75 61 23 6 10 35 36 49 24 1 14 27 40 53 66 79 56 31 44 45 70 74 57 19 5 15
0 14 25 42 47 31 75 62 64 52 27 41 58 69 74 10 21 8 68 79 54 20 4 15 35 37 48 73 57 71 7 9 23 40 51 29 17 19 3 50 34 36 56 67 78 30 44 46 63 77 61 24 2 13 38 49 33 80 55 66 5 16 18 60 65 76 12 26 1 45 32 43 22 6 11 28 39 53 70 72 59
0 15 21 45 33 39 63 78 57 61 67 73 25 4 10 43 49 28 32 38 53 77 56 71 14 20 8 26 5 11 44 50 29 62 68 74 75 54 69 12 18 6 30 36 51 46 34 40 64 79 58 1 16 22 13 19 7 31 37 52 76 55 70 65 80 59 2 17 23 47 35 41 42 48 27 60 66 72 24 3 9
0 16 23 48 28 44 69 76 56 70 77 54 1 17 21 49 29 42 50 27 43 71 75 55 2 15 22 53 30 37 65 78 58 5 9 25 3 10 26 51 31 38 63 79 59 64 80 57 4 11 24 52 32 36 67 74 60 7 14 18 46 35 39 47 33 40 68 72 61 8 12 19 6 13 20 45 34 41 66 73 62
0 17 22 51 32 37 66 74 61 79 57 65 13 18 8 28 42 50 41 46 33 56 70 75 26 4 9 80 58 63 14 19 6 29 43 48 39 47 34 54 71 76 24 5 10 1 15 23 52 30 38 67 72 62 40 45 35 55 69 77 25 3 11 2 16 21 53 31 36 68 73 60 78 59 64 12 20 7 27 44 49
0 18 9 54 72 63 27 45 36 5 23 14 59 77 68 32 50 41 7 25 16 61 79 70 34 52 43 15 6 24 69 60 78 42 33 51 11 2 20 65 56 74 38 29 47 13 4 22 67 58 76 40 31 49 21 12 3 75 66 57 48 39 30 26 17 8 80 71 62 53 44 35 19 10 1 73 64 55 46 37 28
0 19 11 57 76 68 33 52 44 14 3 22 71 60 79 38 27 46 25 17 6 73 65 54 49 41 30 42 34 53 9 1 20 66 58 77 47 36 28 23 12 4 80 69 61 31 50 39 7 26 15 55 74 63 75 67 59 51 43 35 18 10 2 62 78 70 29 45 37 5 21 13 64 56 72 40 32 48 16 8 24
0 20 10 60 80 70 30 50 40 23 13 3 74 64 54 53 43 33 16 6 26 67 57 77 37 27 47 69 62 79 39 32 49 9 2 19 56 73 63 35 52 42 5 22 12 76 66 59 46 36 29 25 15 8 48 41 31 18 11 1 78 71 61 44 34 51 14 4 21 65 55 72 28 45 38 7 24 17 58 75 68
0 21 15 63 57 78 45 39 33 32 53 38 14 8 20 77 71 56 61 73 67 43 28 49 25 10 4 13 7 19 76 70 55 31 52 37 42 27 48 24 9 3 60 72 66 65 59 80 47 41 35 2 23 17 26 11 5 62 74 68 44 29 50 46 40 34 1 22 16 64 58 79 75 69 54 30 51 36 12 6 18
0 22 17 66 61 74 51 37 32 41 33 46 26 9 4 56 75 70 79 65 57 28 50 42 13 8 18 40 35 45 25 11 3 55 77 69 78 64 59 27 49 44 12 7 20 2 21 16 68 60 73 53 36 31 80 63 58 29 48 43 14 6 19 1 23 15 67 62 72 52 38 30 39 34 47 24 10 5 54 76 71
0 23 16 69 56 76 48 44 28 50 43 27 2 22 15 71 55 75 70 54 77 49 42 29 1 21 17 67 60 74 46 39 35 7 18 14 6 20 13 66 62 73 45 41 34 47 40 33 8 19 12 68 61 72 53 37 30 5 25 9 65 58 78 64 57 80 52 36 32 4 24 11 3 26 10 63 59 79 51 38 31
0 24 12 72 69 57 36 33 48 59 74 71 50 38 35 14 2 26 34 49 37 25 13 1 70 58 73 11 8 23 56 80 68 47 44 32 67 55 79 31 46 43 22 10 7 42 30 45 6 21 9 78 66 54 19 16 4 64 61 76 28 52 40 75 63 60 39 27 51 3 18 15 53 41 29 17 5 20 62 77 65
0 25 14 75 64 62 42 31 47 68 54 79 35 48 37 20 15 4 52 41 27 10 8 21 58 74 69 38 33 49 5 18 16 80 66 55 22 11 6 70 59 72 28 53 39 60 76 65 45 43 32 12 1 26 73 71 57 40 29 51 7 23 9 30 46 44 24 13 2 63 61 77 17 3 19 56 78 67 50 36 34
0 26 13 78 68 55 39 29 52 77 64 60 38 34 48 8 22 9 43 30 47 4 18 17 73 69 59 65 61 75 35 49 36 23 10 6 31 45 44 19 15 5 70 57 74 24 14 1 66 56 79 27 53 40 46 42 32 16 3 20 58 72 71 12 2 25 54 80 67 51 41 28 62 76 63 50 37 33 11 7 21
0 27 54 7 34 61 5 32 59 21 48 75 19 46 73 26 53 80 15 42 69 13 40 67 11 38 65 63 9 36 70 16 43 68 14 41 57 3 30 55 1 28 62 8 35 78 24 51 76 22 49 74 20 47 45 72 18 52 79 25 50 77 23 39 66 12 37 64 10 44 71 17 33 60 6 31 58 4 29 56 2
0 28 56 1 29 54 2 27 55 3 31 59 4 32 57 5 30 58 6 34 62 7 35 60 8 33 61 9 37 65 10 38 63 11 36 64 12 40 68 13 41 66 14 39 67 15 43 71 16 44 69 17 42 70 18 46 74 19 47 72 20 45 73 21 49 77 22 50 75 23 48 76 24 52 80 25 53 78 26 51 79
0 29 55 4 30 59 8 34 60 12 41 67 16 42 71 11 37 63 24 53 79 19 45 74 23 49 75 36 65 10 40 66 14 44 70 15 48 77 22 52 78 26 47 73 18 33 62 7 28 54 2 32 58 3 72 20 46 76 21 50 80 25 51 57 5 31 61 6 35 56 1 27 69 17 43 64 9 38 68 13 39
0 30 60 16 37 67 23 53 74 48 78 18 28 58 7 44 65 14 69 9 39 76 25 46 56 5 35 70 10 40 77 26 47 54 3 33 1 31 61 17 38 68 21 51 72 49 79 19 29 59 8 42 63 12 50 80 20 27 57 6 43 64 13 71 11 41 75 24 45 55 4 34 2 32 62 15 36 66 22 52 73
0 31 62 10 41 69 20 48 79 30 61 2 40 71 9 50 78 19 60 1 32 70 11 39 80 18 49 16 38 66 26 45 76 6 28 59 37 68 15 47 75 25 27 58 8 67 17 36 77 24 46 57 7 29 23 51 73 3 34 56 13 44 63 53 72 22 33 55 5 43 65 12 74 21 52 54 4 35 64 14 42
0 32 61 13 42 65 26 46 75 39 71 10 52 72 23 29 58 6 78 20 49 55 3 35 68 16 36 43 63 14 47 76 24 30 62 1 73 21 53 59 7 27 69 11 40 4 33 56 17 37 66 18 50 79 77 25 45 60 2 31 64 12 44 8 28 57 9 41 70 22 51 74 38 67 15 48 80 19 34 54 5
0 33 57 25 49 73 14 38 71 75 18 51 64 16 40 62 5 29 42 66 9 31 55 7 47 80 23 68 11 44 54 6 30 79 22 46 35 59 2 48 72 24 37 70 13 20 53 77 15 39 63 4 28 61 52 76 19 41 65 17 27 60 3 10 43 67 8 32 56 21 45 78 58 1 34 74 26 50 69 12 36
0 34 59 19 53 75 11 42 67 57 1 35 76 20 51 68 9 43 33 58 2 52 77 18 44 66 10 14 36 70 3 28 62 22 47 78 71 12 37 60 4 29 79 23 45 38 69 13 27 61 5 46 80 21 25 50 72 17 39 64 6 31 56 73 26 48 65 15 40 54 7 32 49 74 24 41 63 16 30 55 8
0 35 58 22 45 80 17 40 63 66 11 43 61 3 29 74 25 48 51 77 19 37 69 14 32 55 6 41 64 15 33 59 1 46 78 23 26 49 72 9 44 67 4 27 62 56 7 30 75 20 52 70 12 38 79 21 47 65 16 39 57 2 34 28 60 5 50 73 24 42 68 10 13 36 71 8 31 54 18 53 76
0 36 72 34 70 25 59 14 50 19 28 64 53 62 17 75 3 39 11 47 56 42 78 6 67 22 31 57 12 48 1 37 73 35 71 26 76 4 40 20 29 65 51 60 15 68 23 32 9 45 54 43 79 7 33 69 24 58 13 49 2 38 74 52 61 16 77 5 41 18 27 63 44 80 8 66 21 30 10 46 55
0 37 74 28 65 18 56 9 46 1 38 72 29 63 19 54 10 47 2 36 73 27 64 20 55 11 45 3 40 77 31 68 21 59 12 49 4 41 75 32 66 22 57 13 50 5 39 76 30 67 23 58 14 48 6 43 80 34 71 24 62 15 52 7 44 78 35 69 25 60 16 53 8 42 79 33 70 26 61 17 51
0 38 73 31 66 23 62 16 51 10 45 56 41 76 3 69 26 34 20 28 63 48 59 13 79 6 44 30 68 22 61 15 53 2 37 72 40 75 5 71 25 33 9 47 55 50 58 12 78 8 43 19 27 65 60 17 52 1 36 74 32 67 21 70 24 35 11 46 54 39 77 4 80 7 42 18 29 64 49 57 14
0 39 78 43 73 4 77 8 38 46 58 16 62 11 50 12 51 54 65 23 35 24 27 66 31 70 19 55 13 52 17 47 59 48 60 9 20 32 71 33 63 21 67 25 28 36 75 6 79 1 40 5 44 74 29 68 26 69 18 30 22 34 64 72 3 42 7 37 76 41 80 2 10 49 61 53 56 14 57 15 45
0 40 80 37 77 6 74 3 43 28 68 24 65 21 34 18 31 71 56 12 52 9 49 62 46 59 15 1 41 78 38 75 7 72 4 44 29 66 25 63 22 35 19 32 69 54 13 53 10 50 60 47 57 16 2 39 79 36 76 8 73 5 42 27 67 26 64 23 33 20 30 70 55 14 51 11 48 61 45 58 17
0 41 79 40 78 2 80 1 39 37 75 8 77 7 36 6 38 76 74 4 42 3 44 73 43 72 5 28 66 26 68 25 27 24 29 67 65 22 33 21 35 64 34 63 23 18 32 70 31 69 20 71 19 30 56 13 51 12 53 55 52 54 14 9 50 61 49 60 11 62 10 48 46 57 17 59 16 45 15 47 58
0 42 75 52 58 10 68 20 35 73 7 40 17 50 56 30 63 24 38 80 5 60 12 45 22 28 70 62 14 47 21 27 69 37 79 4 51 57 9 67 19 34 2 44 77 16 49 55 32 65 26 72 6 39 31 64 25 74 8 41 15 48 54 23 29 71 36 78 3 61 13 46 66 18 33 1 43 76 53 59 11
0 43 77 46 62 12 65 24 31 55 17 48 20 33 67 36 79 5 29 69 22 72 7 41 10 53 57 8 39 73 51 58 11 70 23 27 60 13 47 25 32 63 44 75 1 34 68 18 80 3 37 15 49 56 4 38 78 50 54 16 66 19 35 59 9 52 21 28 71 40 74 6 30 64 26 76 2 42 14 45 61
0 44 76 49 54 17 71 22 27 64 24 32 5 37 78 51 59 10 47 61 12 66 20 34 7 39 74 35 67 18 72 8 40 13 45 62 15 50 55 28 69 23 77 1 42 79 3 38 11 52 57 30 65 25 58 9 53 26 31 63 36 80 4 41 73 6 60 14 46 19 33 68 21 29 70 43 75 2 56 16 48
0 45 63 61 25 43 32 77 14 26 44 62 75 12 30 46 64 1 13 31 76 65 2 47 42 60 24 78 15 33 49 67 4 20 38 56 68 5 50 36 54 18 16 34 79 55 19 37 35 80 17 3 48 66 39 57 21 10 28 73 71 8 53 29 74 11 6 51 69 58 22 40 52 70 7 23 41 59 72 9 27
0 46 65 55 20 36 29 72 10 8 51 70 60 25 44 34 80 15 4 50 66 59 21 40 30 76 14 24 43 62 79 17 33 53 69 7 23 39 58 75 13 32 49 68 3 19 38 54 74 9 28 45 64 2 12 31 77 67 5 48 41 57 22 11 27 73 63 1 47 37 56 18 16 35 78 71 6 52 42 61 26
0 47 64 58 21 41 35 79 15 17 34 78 63 2 46 40 57 23 22 39 59 80 16 33 45 65 1 51 71 7 19 36 56 77 13 30 32 76 12 6 53 70 55 18 38 37 54 20 14 31 75 69 8 52 66 5 49 43 60 26 11 28 72 74 10 27 48 68 4 25 42 62 61 24 44 29 73 9 3 50 67
0 48 69 70 1 49 50 71 2 53 65 5 3 51 63 64 4 52 67 7 46 47 68 8 6 45 66 76 16 28 29 77 17 15 27 75 9 30 78 79 10 31 32 80 11 35 74 14 12 33 72 73 13 34 44 56 23 21 42 54 55 22 43 58 25 37 38 59 26 24 36 57 18 39 60 61 19 40 41 62 20
0 49 71 64 5 51 47 66 7 35 72 13 15 28 77 79 11 30 58 26 36 41 60 19 21 43 56 22 44 54 59 24 37 39 61 20 45 67 8 1 50 69 65 3 52 80 9 31 33 73 14 16 29 75 17 27 76 78 10 32 34 74 12 40 62 18 23 42 55 57 25 38 63 4 53 46 68 6 2 48 70
0 50 70 67 6 47 53 64 3 44 55 21 18 41 61 58 24 38 76 15 29 35 73 12 9 32 79 49 69 2 8 46 66 63 5 52 54 23 43 40 60 20 26 37 57 17 28 75 72 14 34 31 78 11 71 1 48 45 68 7 4 51 65 22 42 56 62 19 39 36 59 25 27 77 16 13 33 74 80 10 30
0 51 66 79 13 28 41 56 26 80 14 29 39 54 24 1 52 67 40 55 25 2 53 68 78 12 27 74 17 32 42 57 18 4 46 70 43 58 19 5 47 71 72 15 30 3 45 69 73 16 31 44 59 20 37 61 22 8 50 65 75 9 33 6 48 63 76 10 34 38 62 23 77 11 35 36 60 21 7 49 64
0 52 68 73 17 30 38 60 22 62 21 37 51 67 2 16 32 72 31 74 15 23 36 61 66 1 53 20 42 58 63 7 50 28 80 12 79 14 27 44 57 19 6 49 65 48 64 8 13 29 78 59 18 43 10 35 75 56 24 40 45 70 5 69 4 47 34 77 9 26 39 55 41 54 25 3 46 71 76 11 33
0 53 67 76 9 35 44 58 18 71 4 45 27 80 13 22 36 62 49 63 8 17 31 72 54 26 40 47 70 3 12 29 79 61 21 38 7 48 65 74 16 30 39 56 25 66 2 52 34 75 11 20 43 57 64 6 50 32 73 15 24 41 55 51 68 1 10 33 77 59 19 42 5 46 69 78 14 28 37 60 23
0 54 27 5 59 32 7 61 34 15 69 42 11 65 38 13 67 40 21 75 48 26 80 53 19 73 46 45 18 72 50 23 77 52 25 79 33 6 60 29 2 56 31 4 58 39 12 66 44 17 71 37 10 64 63 36 9 68 41 14 70 43 16 78 51 24 74 47 20 76 49 22 57 30 3 62 35 8 55 28 1
0 55 29 8 60 34 4 59 30 24 79 53 23 75 49 19 74 45 12 67 41 11 63 37 16 71 42 72 46 20 80 51 25 76 50 21 69 43 17 68 39 13 64 38 9 57 31 5 56 27 1 61 35 6 36 10 65 44 15 70 40 14 66 33 7 62 32 3 58 28 2 54 48 22 77 47 18 73 52 26 78
0 56 28 2 55 27 1 54 29 6 62 34 8 61 33 7 60 35 3 59 31 5 58 30 4 57 32 18 74 46 20 73 45 19 72 47 24 80 52 26 79 51 25 78 53 21 77 49 23 76 48 22 75 50 9 65 37 11 64 36 10 63 38 15 71 43 17 70 42 16 69 44 12 68 40 14 67 39 13 66 41
0 57 33 14 71 38 25 73 49 42 9 66 47 23 80 31 7 55 75 51 18 62 29 5 64 40 16 52 19 76 27 3 60 41 17 65 58 34 1 69 36 12 74 50 26 10 67 43 21 78 45 8 56 32 68 44 11 79 46 22 54 30 6 20 77 53 4 61 28 15 63 39 35 2 59 37 13 70 48 24 72
0 58 35 17 63 40 22 80 45 51 19 77 32 6 55 37 14 69 66 43 11 74 48 25 61 29 3 79 47 21 57 34 2 65 39 16 13 71 36 18 76 53 8 54 31 28 5 60 42 10 68 50 24 73 41 15 64 46 23 78 33 1 59 56 30 7 70 38 12 75 52 20 26 72 49 4 62 27 9 67 44
0 59 34 11 67 42 19 75 53 33 2 58 44 10 66 52 18 77 57 35 1 68 43 9 76 51 20 25 72 50 6 56 31 17 64 39 49 24 74 30 8 55 41 16 63 73 48 26 54 32 7 65 40 15 14 70 36 22 78 47 3 62 28 38 13 69 46 21 80 27 5 61 71 37 12 79 45 23 60 29 4
0 60 30 23 74 53 16 67 37 69 39 9 56 35 5 76 46 25 48 18 78 44 14 65 28 7 58 50 20 80 43 13 64 27 6 57 2 62 32 22 73 52 15 66 36 71 41 11 55 34 4 75 45 24 70 40 10 54 33 3 77 47 26 49 19 79 42 12 63 29 8 59 1 61 31 21 72 51 17 68 38
0 61 32 26 75 46 13 65 42 78 49 20 68 36 16 55 35 3 39 10 71 29 6 58 52 23 72 77 45 25 64 44 12 60 31 2 38 15 67 34 5 54 48 19 80 8 57 28 22 74 51 9 70 41 43 14 63 30 1 62 47 24 76 4 56 33 18 79 50 17 66 37 73 53 21 69 40 11 59 27 7
0 62 31 20 79 48 10 69 41 60 32 1 80 49 18 70 39 11 30 2 61 50 19 78 40 9 71 23 73 51 13 63 44 3 56 34 74 52 21 64 42 14 54 35 4 53 22 72 43 12 65 33 5 55 16 66 38 6 59 28 26 76 45 67 36 17 57 29 7 77 46 24 37 15 68 27 8 58 47 25 75
0 63 45 32 14 77 61 43 25 13 76 31 42 24 60 65 47 2 26 62 44 46 1 64 75 30 12 39 21 57 71 53 8 10 73 28 52 7 70 72 27 9 23 59 41 29 11 74 58 40 22 6 69 51 78 33 15 20 56 38 49 4 67 55 37 19 3 66 48 35 17 80 68 50 5 16 79 34 36 18 54
0 64 47 35 15 79 58 41 21 22 59 39 45 1 65 80 33 16 17 78 34 40 23 57 63 46 2 66 49 5 11 72 28 43 26 60 61 44 24 3 67 50 29 9 73 74 27 10 25 62 42 48 4 68 51 7 71 77 30 13 19 56 36 37 20 54 69 52 8 14 75 31 32 12 76 55 38 18 6 70 53
0 65 46 29 10 72 55 36 20 4 66 50 30 14 76 59 40 21 8 70 51 34 15 80 60 44 25 12 77 31 41 22 57 67 48 5 16 78 35 42 26 61 71 52 6 11 73 27 37 18 56 63 47 1 24 62 43 53 7 69 79 33 17 19 54 38 45 2 64 74 28 9 23 58 39 49 3 68 75 32 13
0 66 51 41 26 56 79 28 13 40 25 55 78 27 12 2 68 53 80 29 14 1 67 52 39 24 54 37 22 61 75 33 9 8 65 50 77 35 11 7 64 49 36 21 60 6 63 48 38 23 62 76 34 10 74 32 17 4 70 46 42 18 57 3 69 45 44 20 59 73 31 16 43 19 58 72 30 15 5 71 47
0 67 53 44 18 58 76 35 9 49 8 63 54 40 26 17 72 31 71 45 4 22 62 36 27 13 80 64 50 6 24 55 41 32 15 73 5 69 46 37 23 60 78 28 14 51 1 68 59 42 19 10 77 33 47 3 70 61 38 21 12 79 29 66 52 2 20 57 43 34 11 75 7 65 48 39 25 56 74 30 16
0 68 52 38 22 60 73 30 17 31 15 74 66 53 1 23 61 36 62 37 21 16 72 32 51 2 67 10 75 35 45 5 70 56 40 24 41 25 54 76 33 11 3 71 46 69 47 4 26 55 39 34 9 77 20 58 42 28 12 80 63 50 7 48 8 64 59 43 18 13 78 29 79 27 14 6 65 49 44 19 57
0 69 48 50 2 71 70 49 1 67 46 7 6 66 45 47 8 68 53 5 65 64 52 4 3 63 51 44 23 56 55 43 22 21 54 42 18 60 39 41 20 62 61 40 19 58 37 25 24 57 36 38 26 59 76 28 16 15 75 27 29 17 77 35 14 74 73 34 13 12 72 33 9 78 30 32 11 80 79 31 10
0 70 50 53 3 64 67 47 6 76 29 15 9 79 32 35 12 73 44 21 55 58 38 24 18 61 41 71 48 1 4 65 51 45 7 68 27 16 77 80 30 10 13 74 33 22 56 42 36 25 59 62 39 19 49 2 69 63 52 5 8 66 46 17 75 28 31 11 78 72 34 14 54 43 23 26 57 37 40 20 60
0 71 49 47 7 66 64 51 5 58 36 26 21 56 43 41 19 60 35 13 72 79 30 11 15 77 28 17 76 27 34 12 74 78 32 10 63 53 4 2 70 48 46 6 68 40 18 62 57 38 25 23 55 42 22 54 44 39 20 61 59 37 24 80 31 9 16 75 29 33 14 73 45 8 67 65 52 3 1 69 50
0 72 36 59 50 14 34 25 70 11 56 47 67 31 22 42 6 78 19 64 28 75 39 3 53 17 62 33 24 69 2 74 38 58 49 13 44 8 80 10 55 46 66 30 21 52 16 61 18 63 27 77 41 5 57 48 12 35 26 71 1 73 37 68 32 23 43 7 79 9 54 45 76 40 4 51 15 60 20 65 29
0 73 38 62 51 16 31 23 66 20 63 28 79 44 6 48 13 59 10 56 45 69 34 26 41 3 76 60 52 17 32 21 67 1 74 36 80 42 7 49 14 57 18 64 29 70 35 24 39 4 77 11 54 46 30 22 68 2 72 37 61 53 15 50 12 58 19 65 27 78 43 8 40 5 75 9 55 47 71 33 25
0 74 37 56 46 9 28 18 65 2 73 36 55 45 11 27 20 64 1 72 38 54 47 10 29 19 63 6 80 43 62 52 15 34 24 71 8 79 42 61 51 17 33 26 70 7 78 44 60 53 16 35 25 69 3 77 40 59 49 12 31 21 68 5 76 39 58 48 14 30 23 67 4 75 41 57 50 13 32 22 66
0 75 42 68 35 20 52 10 58 38 5 80 22 70 28 60 45 12 73 40 7 30 24 63 17 56 50 31 25 64 15 54 48 74 41 8 66 33 18 53 11 59 1 76 43 23 71 29 61 46 13 36 3 78 62 47 14 37 4 79 21 69 27 16 55 49 72 39 6 32 26 65 51 9 57 2 77 44 67 34 19
0 76 44 71 27 22 49 17 54 47 12 61 7 74 39 66 34 20 64 32 24 51 10 59 5 78 37 58 53 9 36 4 80 26 63 31 21 70 29 56 48 16 43 2 75 41 6 73 19 68 33 60 46 14 35 18 67 13 62 45 72 40 8 79 38 3 30 25 65 11 57 52 15 55 50 77 42 1 28 23 69
0 77 43 65 31 24 46 12 62 29 22 69 10 57 53 72 41 7 55 48 17 36 5 79 20 67 33 4 78 38 66 35 19 50 16 54 30 26 64 14 61 45 76 42 2 59 52 9 40 6 74 21 71 28 8 73 39 70 27 23 51 11 58 34 18 68 15 56 49 80 37 3 60 47 13 44 1 75 25 63 32
0 78 39 77 38 8 43 4 73 65 35 23 31 19 70 24 66 27 46 16 58 12 54 51 62 50 11 29 26 68 22 64 34 69 30 18 10 61 49 57 45 15 53 14 56 72 42 3 41 2 80 7 76 37 55 52 13 48 9 60 17 59 47 36 6 75 5 74 44 79 40 1 20 71 32 67 28 25 33 21 63
0 79 41 80 39 1 40 2 78 74 42 4 43 5 72 3 73 44 37 8 75 6 76 38 77 36 7 56 51 13 52 14 54 12 55 53 46 17 57 15 58 47 59 45 16 9 61 50 62 48 10 49 11 60 28 26 66 24 67 29 68 27 25 18 70 32 71 30 19 31 20 69 65 33 22 34 23 63 21 64 35
0 80 40 74 43 3 37 6 77 56 52 12 46 15 59 9 62 49 28 24 68 18 71 31 65 34 21 2 79 39 73 42 5 36 8 76 55 51 14 45 17 58 11 61 48 27 26 67 20 70 30 64 33 23 1 78 41 72 44 4 38 7 75 54 53 13 47 16 57 10 60 50 29 25 66 19 69 32 63 35 22
