0 0 0 0 0 0 0 0 0 0 0 0 0 0 0 0 0 0 0 0 0 0 0 0 0
0 1 2 3 4 5 6 7 8 9 10 11 12 13 14 15 16 17 18 19 20 21 22 23 24
0 2 4 1 3 10 12 14 11 13 20 22 24 21 23 5 7 9 6 8 15 17 19 16 18
0 3 1 4 2 15 18 16 19 17 5 8 6 9 7 20 23 21 24 22 10 13 11 14 12
0 4 3 2 1 20 24 23 22 21 15 19 18 17 16 10 14 13 12 11 5 9 8 7 6
0 5 10 15 20 3 8 13 18 23 1 6 11 16 21 4 9 14 19 24 2 7 12 17 22
0 6 12 18 24 8 14 15 21 2 11 17 23 4 5 19 20 1 7 13 22 3 9 10 16
0 7 14 16 23 13 15 22 4 6 21 3 5 12 19 9 11 18 20 2 17 24 1 8 10
0 8 11 19 22 18 21 4 7 10 6 14 17 20 3 24 2 5 13 16 12 15 23 1 9
0 9 13 17 21 23 2 6 10 19 16 20 4 8 12 14 18 22 1 5 7 11 15 24 3
0 10 20 5 15 1 11 21 6 16 2 12 22 7 17 3 13 23 8 18 4 14 24 9 19
0 11 22 8 19 6 17 3 14 20 12 23 9 15 1 18 4 10 21 7 24 5 16 2 13
0 12 24 6 18 11 23 5 17 4 22 9 16 3 10 8 15 2 14 21 19 1 13 20 7
0 13 21 9 17 16 4 12 20 8 7 15 3 11 24 23 6 19 2 10 14 22 5 18 1
0 14 23 7 16 21 5 19 3 12 17 1 10 24 8 13 22 6 15 4 9 18 2 11 20
0 15 5 20 10 4 19 9 24 14 3 18 8 23 13 2 17 7 22 12 1 16 6 21 11
0 16 7 23 14 9 20 11 2 18 13 4 15 6 22 17 8 24 10 1 21 12 3 19 5
0 17 9 21 13 14 1 18 5 22 23 10 2 19 6 7 24 11 3 15 16 8 20 12 4
0 18 6 24 12 19 7 20 13 1 8 21 14 2 15 22 10 3 16 9 11 4 17 5 23
0 19 8 22 11 24 13 2 16 5 18 7 21 10 4 12 1 15 9 23 6 20 14 3 17
0 20 15 10 5 2 22 17 12 7 4 24 19 14 9 1 21 16 11 6 3 23 18 13 8
0 21 17 13 9 7 3 24 15 11 14 5 1 22 18 16 12 8 4 20 23 19 10 6 2
0 22 19 11 8 12 9 1 23 15 24 16 13 5 2 6 3 20 17 14 18 10 7 4 21
0 23 16 14 7 17 10 8 1 24 9 2 20 18 11 21 19 12 5 3 13 6 4 22 15
0 24 18 12 6 22 16 10 9 3 19 13 7 1 20 11 5 4 23 17 8 2 21 15 14
