0 0 0 0 0 0 0 0 0 0 0 0 0 0 0 0 0 0 0 0 0 0 0 0 0 0 0 0 0 0 0 0 0 0 0 0 0 0 0 0 0 0 0 0 0 0 0 0 0 0 0 0 0 0 0 0 0 0 0 0 0 0 0 0 0 0 0 0 0 0 0 0 0 0 0 0 0 0 0 0 0 0 0 0 0 0 0 0 0 0 0 0 0 0 0 0 0 0 0 0 0 0 0 0 0 0 0 0 0 0 0 0 0 0 0 0 0 0 0 0 0 0 0 0 0
0 1 2 3 4 5 6 7 8 9 10 11 12 13 14 15 16 17 18 19 20 21 22 23 24 25 26 27 28 29 30 31 32 33 34 35 36 37 38 39 40 41 42 43 44 45 46 47 48 49 50 51 52 53 54 55 56 57 58 59 60 61 62 63 64 65 66 67 68 69 70 71 72 73 74 75 76 77 78 79 80 81 82 83 84 85 86 87 88 89 90 91 92 93 94 95 96 97 98 99 100 101 102 103 104 105 106 107 108 109 110 111 112 113 114 115 116 117 118 119 120 121 122 123 124
0 2 4 1 3 10 12 14 11 13 20 22 24 21 23 5 7 9 6 8 15 17 19 16 18 50 52 54 51 53 60 62 64 61 63 70 72 74 71 73 55 57 59 56 58 65 67 69 66 68 100 102 104 101 103 110 112 114 111 113 120 122 124 121 123 105 107 109 106 108 115 117 119 116 118 25 27 29 26 28 35 37 39 36 38 45 47 49 46 48 30 32 34 31 33 40 42 44 41 43 75 77 79 76 78 85 87 89 86 88 95 97 99 96 98 80 82 84 81 83 90 92 94 91 93
0 3 1 4 2 15 18 16 19 17 5 8 6 9 7 20 23 21 24 22 10 13 11 14 12 75 78 76 79 77 90 93 91 94 92 80 83 81 84 82 95 98 96 99 97 85 88 86 89 87 25 28 26 29 27 40 43 41 44 42 30 33 31 34 32 45 48 46 49 47 35 38 36 39 37 100 103 101 104 102 115 118 116 119 117 105 108 106 109 107 120 123 121 124 122 110 113 111 114 112 50 53 51 54 52 65 68 66 69 67 55 58 56 59 57 70 73 71 74 72 60 63 61 64 62
0 4 3 2 1 20 24 23 22 21 15 19 18 17 16 10 14 13 12 11 5 9 8 7 6 100 104 103 102 101 120 124 123 122 121 115 119 118 117 116 110 114 113 112 111 105 109 108 107 106 75 79 78 77 76 95 99 98 97 96 90 94 93 92 91 85 89 88 87 86 80 84 83 82 81 50 54 53 52 51 70 74 73 72 71 65 69 68 67 66 60 64 63 62 61 55 59 58 57 56 25 29 28 27 26 45 49 48 47 46 40 44 43 42 41 35 39 38 37 36 30 34 33 32 31
0 5 10 15 20 25 30 35 40 45 50 55 60 65 70 75 80 85 90 95 100 105 110 115 120 24 4 9 14 19 49 29 34 39 44 74 54 59 64 69 99 79 84 89 94 124 104 109 114 119 18 23 3 8 13 43 48 28 33 38 68 73 53 58 63 93 98 78 83 88 118 123 103 108 113 12 17 22 2 7 37 42 47 27 32 62 67 72 52 57 87 92 97 77 82 112 117 122 102 107 6 11 16 21 1 31 36 41 46 26 56 61 66 71 51 81 86 91 96 76 106 111 116 121 101
0 6 12 18 24 30 36 42 48 29 60 66 72 53 59 90 96 77 83 89 120 101 107 113 119 49 25 31 37 43 54 55 61 67 73 84 85 91 97 78 114 115 121 102 108 19 20 1 7 13 68 74 50 56 62 98 79 80 86 92 103 109 110 116 122 8 14 15 21 2 38 44 45 26 32 87 93 99 75 81 117 123 104 105 111 22 3 9 10 16 27 33 39 40 46 57 63 69 70 51 106 112 118 124 100 11 17 23 4 5 41 47 28 34 35 71 52 58 64 65 76 82 88 94 95
0 7 14 16 23 35 42 49 26 33 70 52 59 61 68 80 87 94 96 78 115 122 104 106 113 74 51 58 60 67 84 86 93 95 77 119 121 103 105 112 4 6 13 15 22 39 41 48 25 32 118 120 102 109 111 3 5 12 19 21 38 40 47 29 31 73 50 57 64 66 83 85 92 99 76 37 44 46 28 30 72 54 56 63 65 82 89 91 98 75 117 124 101 108 110 2 9 11 18 20 81 88 90 97 79 116 123 100 107 114 1 8 10 17 24 36 43 45 27 34 71 53 55 62 69
0 8 11 19 22 40 48 26 34 37 55 63 66 74 52 95 78 81 89 92 110 118 121 104 107 99 77 80 88 91 114 117 120 103 106 4 7 10 18 21 44 47 25 33 36 59 62 65 73 51 43 46 29 32 35 58 61 69 72 50 98 76 84 87 90 113 116 124 102 105 3 6 14 17 20 112 115 123 101 109 2 5 13 16 24 42 45 28 31 39 57 60 68 71 54 97 75 83 86 94 56 64 67 70 53 96 79 82 85 93 111 119 122 100 108 1 9 12 15 23 41 49 27 30 38
0 9 13 17 21 45 29 33 37 41 65 74 53 57 61 85 94 98 77 81 105 114 118 122 101 124 103 107 111 115 19 23 2 6 10 39 43 47 26 30 59 63 67 71 50 79 83 87 91 95 93 97 76 80 89 113 117 121 100 109 8 12 16 20 4 28 32 36 40 49 73 52 56 60 69 62 66 70 54 58 82 86 90 99 78 102 106 110 119 123 22 1 5 14 18 42 46 25 34 38 31 35 44 48 27 51 55 64 68 72 96 75 84 88 92 116 120 104 108 112 11 15 24 3 7
0 10 20 5 15 50 60 70 55 65 100 110 120 105 115 25 35 45 30 40 75 85 95 80 90 18 3 13 23 8 68 53 63 73 58 118 103 113 123 108 43 28 38 48 33 93 78 88 98 83 6 16 1 11 21 56 66 51 61 71 106 116 101 111 121 31 41 26 36 46 81 91 76 86 96 24 9 19 4 14 74 59 69 54 64 124 109 119 104 114 49 34 44 29 39 99 84 94 79 89 12 22 7 17 2 62 72 57 67 52 112 122 107 117 102 37 47 32 42 27 87 97 82 92 77
0 11 22 8 19 55 66 52 63 74 110 121 107 118 104 40 26 37 48 34 95 81 92 78 89 43 29 35 46 32 98 84 90 76 87 3 14 20 6 17 58 69 50 61 72 113 124 105 116 102 56 67 53 64 70 111 122 108 119 100 41 27 38 49 30 96 82 93 79 85 1 12 23 9 15 99 80 91 77 88 4 10 21 7 18 59 65 51 62 73 114 120 106 117 103 44 25 36 47 33 112 123 109 115 101 42 28 39 45 31 97 83 94 75 86 2 13 24 5 16 57 68 54 60 71
0 12 24 6 18 60 72 59 66 53 120 107 119 101 113 30 42 29 36 48 90 77 89 96 83 68 50 62 74 56 103 110 122 109 116 38 45 32 44 26 98 80 92 79 86 8 15 2 14 21 106 118 100 112 124 41 28 35 47 34 76 88 95 82 94 11 23 5 17 4 71 58 65 52 64 49 31 43 25 37 84 91 78 85 97 19 1 13 20 7 54 61 73 55 67 114 121 108 115 102 87 99 81 93 75 22 9 16 3 10 57 69 51 63 70 117 104 111 123 105 27 39 46 33 40
0 13 21 9 17 65 53 61 74 57 105 118 101 114 122 45 33 41 29 37 85 98 81 94 77 93 76 89 97 80 8 16 4 12 20 73 56 69 52 60 113 121 109 117 100 28 36 49 32 40 31 44 27 35 48 96 84 92 75 88 11 24 7 15 3 51 64 72 55 68 116 104 112 120 108 124 107 115 103 111 39 47 30 43 26 79 87 95 83 91 19 2 10 23 6 59 67 50 63 71 62 70 58 66 54 102 110 123 106 119 42 25 38 46 34 82 90 78 86 99 22 5 18 1 14
0 14 23 7 16 70 59 68 52 61 115 104 113 122 106 35 49 33 42 26 80 94 78 87 96 118 102 111 120 109 38 47 31 40 29 83 92 76 85 99 3 12 21 5 19 73 57 66 50 64 81 90 79 88 97 1 10 24 8 17 71 55 69 53 62 116 100 114 123 107 36 45 34 43 27 74 58 67 51 60 119 103 112 121 105 39 48 32 41 25 84 93 77 86 95 4 13 22 6 15 37 46 30 44 28 82 91 75 89 98 2 11 20 9 18 72 56 65 54 63 117 101 110 124 108
0 15 5 20 10 75 90 80 95 85 25 40 30 45 35 100 115 105 120 110 50 65 55 70 60 12 2 17 7 22 87 77 92 82 97 37 27 42 32 47 112 102 117 107 122 62 52 67 57 72 24 14 4 19 9 99 89 79 94 84 49 39 29 44 34 124 114 104 119 109 74 64 54 69 59 6 21 11 1 16 81 96 86 76 91 31 46 36 26 41 106 121 111 101 116 56 71 61 51 66 18 8 23 13 3 93 83 98 88 78 43 33 48 38 28 118 108 123 113 103 68 58 73 63 53
0 16 7 23 14 80 96 87 78 94 35 26 42 33 49 115 106 122 113 104 70 61 52 68 59 37 28 44 30 46 117 108 124 110 101 72 63 54 65 56 2 18 9 20 11 82 98 89 75 91 74 60 51 67 58 4 15 6 22 13 84 95 86 77 93 39 25 41 32 48 119 105 121 112 103 81 97 88 79 90 36 27 43 34 45 116 107 123 114 100 71 62 53 69 55 1 17 8 24 10 118 109 120 111 102 73 64 50 66 57 3 19 5 21 12 83 99 85 76 92 38 29 40 31 47
0 17 9 21 13 85 77 94 81 98 45 37 29 41 33 105 122 114 101 118 65 57 74 61 53 62 54 66 58 70 22 14 1 18 5 82 99 86 78 90 42 34 46 38 25 102 119 106 123 110 124 111 103 115 107 59 71 63 50 67 19 6 23 10 2 79 91 83 95 87 39 26 43 30 47 31 48 35 27 44 116 108 120 112 104 51 68 55 72 64 11 3 15 7 24 96 88 75 92 84 93 80 97 89 76 28 40 32 49 36 113 100 117 109 121 73 60 52 69 56 8 20 12 4 16
0 18 6 24 12 90 83 96 89 77 30 48 36 29 42 120 113 101 119 107 60 53 66 59 72 87 75 93 81 99 27 40 33 46 39 117 105 123 111 104 57 70 63 51 69 22 10 3 16 9 49 37 25 43 31 114 102 115 108 121 54 67 55 73 61 19 7 20 13 1 84 97 85 78 91 106 124 112 100 118 71 64 52 65 58 11 4 17 5 23 76 94 82 95 88 41 34 47 35 28 68 56 74 62 50 8 21 14 2 15 98 86 79 92 80 38 26 44 32 45 103 116 109 122 110
0 19 8 22 11 95 89 78 92 81 40 34 48 37 26 110 104 118 107 121 55 74 63 52 66 112 101 115 109 123 57 71 60 54 68 2 16 5 24 13 97 86 75 94 83 42 31 45 39 28 99 88 77 91 80 44 33 47 36 25 114 103 117 106 120 59 73 62 51 65 4 18 7 21 10 56 70 64 53 67 1 15 9 23 12 96 85 79 93 82 41 30 49 38 27 111 100 119 108 122 43 32 46 35 29 113 102 116 105 124 58 72 61 50 69 3 17 6 20 14 98 87 76 90 84
0 20 15 10 5 100 120 115 110 105 75 95 90 85 80 50 70 65 60 55 25 45 40 35 30 6 1 21 16 11 106 101 121 116 111 81 76 96 91 86 56 51 71 66 61 31 26 46 41 36 12 7 2 22 17 112 107 102 122 117 87 82 77 97 92 62 57 52 72 67 37 32 27 47 42 18 13 8 3 23 118 113 108 103 123 93 88 83 78 98 68 63 58 53 73 43 38 33 28 48 24 19 14 9 4 124 119 114 109 104 99 94 89 84 79 74 69 64 59 54 49 44 39 34 29
0 21 17 13 9 105 101 122 118 114 85 81 77 98 94 65 61 57 53 74 45 41 37 33 29 31 27 48 44 35 11 7 3 24 15 116 112 108 104 120 96 92 88 84 75 51 72 68 64 55 62 58 54 70 66 42 38 34 25 46 22 18 14 5 1 102 123 119 110 106 82 78 99 90 86 93 89 80 76 97 73 69 60 56 52 28 49 40 36 32 8 4 20 16 12 113 109 100 121 117 124 115 111 107 103 79 95 91 87 83 59 50 71 67 63 39 30 26 47 43 19 10 6 2 23
0 22 19 11 8 110 107 104 121 118 95 92 89 81 78 55 52 74 66 63 40 37 34 26 48 56 53 70 67 64 41 38 30 27 49 1 23 15 12 9 111 108 100 122 119 96 93 85 82 79 112 109 101 123 115 97 94 86 83 75 57 54 71 68 60 42 39 31 28 45 2 24 16 13 5 43 35 32 29 46 3 20 17 14 6 113 105 102 124 116 98 90 87 84 76 58 50 72 69 61 99 91 88 80 77 59 51 73 65 62 44 36 33 25 47 4 21 18 10 7 114 106 103 120 117
0 23 16 14 7 115 113 106 104 122 80 78 96 94 87 70 68 61 59 52 35 33 26 49 42 81 79 97 90 88 71 69 62 55 53 36 34 27 45 43 1 24 17 10 8 116 114 107 100 123 37 30 28 46 44 2 20 18 11 9 117 110 108 101 124 82 75 98 91 89 72 65 63 56 54 118 111 109 102 120 83 76 99 92 85 73 66 64 57 50 38 31 29 47 40 3 21 19 12 5 74 67 60 58 51 39 32 25 48 41 4 22 15 13 6 119 112 105 103 121 84 77 95 93 86
0 24 18 12 6 120 119 113 107 101 90 89 83 77 96 60 59 53 72 66 30 29 48 42 36 106 100 124 118 112 76 95 94 88 82 71 65 64 58 52 41 35 34 28 47 11 5 4 23 17 87 81 75 99 93 57 51 70 69 63 27 46 40 39 33 22 16 10 9 3 117 111 105 104 123 68 62 56 50 74 38 32 26 45 44 8 2 21 15 14 103 122 116 110 109 98 92 86 80 79 49 43 37 31 25 19 13 7 1 20 114 108 102 121 115 84 78 97 91 85 54 73 67 61 55
0 25 50 75 100 24 49 74 99 124 18 43 68 93 118 12 37 62 87 112 6 31 56 81 106 120 20 45 70 95 119 19 44 69 94 113 13 38 63 88 107 7 32 57 82 101 1 26 51 76 90 115 15 40 65 89 114 14 39 64 83 108 8 33 58 77 102 2 27 52 96 121 21 46 71 60 85 110 10 35 59 84 109 9 34 53 78 103 3 28 72 97 122 22 47 66 91 116 16 41 30 55 80 105 5 29 54 79 104 4 48 73 98 123 23 42 67 92 117 17 36 61 86 111 11
0 26 52 78 104 4 25 51 77 103 3 29 50 76 102 2 28 54 75 101 1 27 53 79 100 20 46 72 98 124 24 45 71 97 123 23 49 70 96 122 22 48 74 95 121 21 47 73 99 120 15 41 67 93 119 19 40 66 92 118 18 44 65 91 117 17 43 69 90 116 16 42 68 94 115 10 36 62 88 114 14 35 61 87 113 13 39 60 86 112 12 38 64 85 111 11 37 63 89 110 5 31 57 83 109 9 30 56 82 108 8 34 55 81 107 7 33 59 80 106 6 32 58 84 105
0 27 54 76 103 9 31 58 80 107 13 35 62 89 111 17 44 66 93 115 21 48 70 97 124 45 72 99 121 23 29 51 78 100 2 33 55 82 109 6 37 64 86 113 10 41 68 90 117 19 65 92 119 16 43 74 96 123 20 47 53 75 102 4 26 57 84 106 8 30 61 88 110 12 39 85 112 14 36 63 94 116 18 40 67 98 120 22 49 71 77 104 1 28 50 81 108 5 32 59 105 7 34 56 83 114 11 38 60 87 118 15 42 69 91 122 24 46 73 95 101 3 25 52 79
0 28 51 79 102 14 37 60 88 111 23 46 74 97 120 7 30 58 81 109 16 44 67 90 118 70 98 121 24 47 59 82 105 8 31 68 91 119 17 40 52 75 103 1 29 61 89 112 10 38 115 18 41 69 92 104 2 25 53 76 113 11 39 62 85 122 20 48 71 99 106 9 32 55 83 35 63 86 114 12 49 72 95 123 21 33 56 84 107 5 42 65 93 116 19 26 54 77 100 3 80 108 6 34 57 94 117 15 43 66 78 101 4 27 50 87 110 13 36 64 96 124 22 45 73
0 29 53 77 101 19 43 67 91 115 8 32 56 80 109 22 46 70 99 123 11 35 64 88 112 95 124 23 47 71 89 113 12 36 60 78 102 1 25 54 92 116 15 44 68 81 105 9 33 57 40 69 93 117 16 34 58 82 106 5 48 72 96 120 24 37 61 85 114 13 26 50 79 103 2 110 14 38 62 86 104 3 27 51 75 118 17 41 65 94 107 6 30 59 83 121 20 49 73 97 55 84 108 7 31 74 98 122 21 45 63 87 111 10 39 52 76 100 4 28 66 90 119 18 42
0 30 60 90 120 49 54 84 114 19 68 98 103 8 38 87 117 22 27 57 106 11 41 71 76 119 24 29 59 89 13 43 73 78 108 32 62 92 122 2 51 81 111 16 46 95 100 5 35 65 83 113 18 48 53 102 7 37 67 97 21 26 56 86 116 40 70 75 105 10 64 94 124 4 34 72 77 107 12 42 91 121 1 31 61 110 15 45 50 80 9 39 69 99 104 28 58 88 118 23 36 66 96 101 6 55 85 115 20 25 79 109 14 44 74 123 3 33 63 93 17 47 52 82 112
0 31 62 93 124 29 55 86 117 23 53 84 110 16 47 77 108 14 40 71 101 7 38 69 95 19 45 51 82 113 43 74 75 106 12 67 98 104 5 36 91 122 3 34 60 115 21 27 58 89 8 39 65 96 102 32 63 94 120 1 56 87 118 24 25 80 111 17 48 54 109 10 41 72 78 22 28 59 85 116 46 52 83 114 15 70 76 107 13 44 99 100 6 37 68 123 4 30 61 92 11 42 73 79 105 35 66 97 103 9 64 90 121 2 33 88 119 20 26 57 112 18 49 50 81
0 32 64 91 123 34 61 93 120 2 63 90 122 4 31 92 124 1 33 60 121 3 30 62 94 44 71 78 105 12 73 75 107 14 41 77 109 11 43 70 106 13 40 72 79 10 42 74 76 108 58 85 117 24 26 87 119 21 28 55 116 23 25 57 89 20 27 59 86 118 29 56 88 115 22 97 104 6 38 65 101 8 35 67 99 5 37 69 96 103 39 66 98 100 7 68 95 102 9 36 111 18 45 52 84 15 47 54 81 113 49 51 83 110 17 53 80 112 19 46 82 114 16 48 50
0 33 61 94 122 39 67 95 103 6 73 76 109 12 40 82 110 18 46 54 116 24 27 55 88 69 97 100 8 36 78 106 14 42 70 112 15 48 51 84 21 29 57 85 118 30 63 91 124 2 108 11 44 72 75 17 45 53 81 114 26 59 87 115 23 60 93 121 4 32 99 102 5 38 66 47 50 83 111 19 56 89 117 20 28 90 123 1 34 62 104 7 35 68 96 13 41 74 77 105 86 119 22 25 58 120 3 31 64 92 9 37 65 98 101 43 71 79 107 10 52 80 113 16 49
0 34 63 92 121 44 73 77 106 10 58 87 116 20 29 97 101 5 39 68 111 15 49 53 82 94 123 2 31 60 108 12 41 70 79 22 26 55 89 118 36 65 99 103 7 50 84 113 17 46 33 62 91 120 4 72 76 105 14 43 86 115 24 28 57 100 9 38 67 96 19 48 52 81 110 122 1 30 64 93 11 40 74 78 107 25 59 88 117 21 69 98 102 6 35 83 112 16 45 54 61 90 124 3 32 75 109 13 42 71 119 23 27 56 85 8 37 66 95 104 47 51 80 114 18
0 35 70 80 115 74 84 119 4 39 118 3 38 73 83 37 72 82 117 2 81 116 1 36 71 113 23 33 68 78 32 67 77 112 22 76 111 21 31 66 20 30 65 75 110 69 79 114 24 34 96 106 16 26 61 15 25 60 95 105 64 99 109 19 29 108 18 28 63 98 27 62 97 107 17 59 94 104 14 49 103 13 48 58 93 47 57 92 102 12 91 101 11 46 56 10 45 55 90 100 42 52 87 122 7 86 121 6 41 51 5 40 50 85 120 54 89 124 9 44 123 8 43 53 88
0 36 72 83 119 54 85 121 7 43 103 14 45 56 92 27 63 99 105 16 76 112 23 34 65 13 49 55 91 102 62 98 109 15 26 111 22 33 69 75 35 71 82 118 4 89 120 6 42 53 21 32 68 79 110 70 81 117 3 39 124 5 41 52 88 48 59 90 101 12 97 108 19 25 61 9 40 51 87 123 58 94 100 11 47 107 18 29 60 96 31 67 78 114 20 80 116 2 38 74 17 28 64 95 106 66 77 113 24 30 115 1 37 73 84 44 50 86 122 8 93 104 10 46 57
0 37 74 81 118 59 91 103 10 47 113 20 32 69 76 42 54 86 123 5 96 108 15 27 64 38 70 82 119 1 92 104 11 48 55 21 33 65 77 114 50 87 124 6 43 109 16 28 60 97 71 83 115 2 39 100 12 49 56 93 34 66 78 110 22 88 120 7 44 51 17 29 61 98 105 84 116 3 35 72 13 45 57 94 101 67 79 111 23 30 121 8 40 52 89 25 62 99 106 18 117 4 36 73 80 46 58 90 102 14 75 112 24 31 68 9 41 53 85 122 63 95 107 19 26
0 38 71 84 117 64 97 105 18 26 123 6 44 52 85 32 65 78 111 24 91 104 12 45 58 63 96 109 17 25 122 5 43 51 89 31 69 77 110 23 90 103 11 49 57 4 37 70 83 116 121 9 42 50 88 30 68 76 114 22 94 102 10 48 56 3 36 74 82 115 62 95 108 16 29 34 67 75 113 21 93 101 14 47 55 2 35 73 81 119 61 99 107 15 28 120 8 41 54 87 92 100 13 46 59 1 39 72 80 118 60 98 106 19 27 124 7 40 53 86 33 66 79 112 20
0 39 73 82 116 69 78 112 21 30 108 17 26 60 99 47 56 90 104 13 86 120 9 43 52 88 122 6 40 54 2 36 70 84 118 66 75 114 23 32 105 19 28 62 96 49 58 92 101 10 46 55 94 103 12 85 124 8 42 51 4 38 72 81 115 68 77 111 20 34 107 16 25 64 98 109 18 27 61 95 48 57 91 100 14 87 121 5 44 53 1 35 74 83 117 65 79 113 22 31 67 76 110 24 33 106 15 29 63 97 45 59 93 102 11 89 123 7 41 50 3 37 71 80 119
0 40 55 95 110 99 114 4 44 59 43 58 98 113 3 112 2 42 57 97 56 96 111 1 41 107 22 37 52 92 51 91 106 21 36 20 35 50 90 105 94 109 24 39 54 38 53 93 108 23 89 104 19 34 74 33 73 88 103 18 102 17 32 72 87 71 86 101 16 31 15 30 70 85 100 66 81 121 11 26 10 25 65 80 120 84 124 14 29 69 28 68 83 123 13 122 12 27 67 82 48 63 78 118 8 117 7 47 62 77 61 76 116 6 46 5 45 60 75 115 79 119 9 49 64
0 41 57 98 114 79 115 6 47 63 28 69 80 121 12 102 18 34 70 86 51 92 108 24 35 7 48 64 75 116 81 122 13 29 65 30 71 87 103 19 109 20 36 52 93 58 99 110 1 42 14 25 66 82 123 88 104 15 31 72 37 53 94 105 21 111 2 43 59 95 60 76 117 8 49 16 32 73 89 100 90 106 22 38 54 44 55 96 112 3 118 9 45 61 77 67 83 124 10 26 23 39 50 91 107 97 113 4 40 56 46 62 78 119 5 120 11 27 68 84 74 85 101 17 33
0 42 59 96 113 84 121 13 25 67 38 50 92 109 21 117 9 46 63 75 71 88 100 17 34 32 74 86 103 15 111 3 40 57 99 65 82 124 11 28 24 36 53 90 107 78 115 7 49 61 64 76 118 5 47 18 30 72 89 101 97 114 1 43 55 26 68 80 122 14 105 22 39 51 93 91 108 20 37 54 45 62 79 116 8 104 16 33 70 87 58 95 112 4 41 12 29 66 83 120 123 10 27 69 81 52 94 106 23 35 6 48 60 77 119 85 102 19 31 73 44 56 98 110 2
0 43 56 99 112 89 102 15 33 71 48 61 79 117 5 107 20 38 51 94 66 84 122 10 28 57 95 113 1 44 16 34 72 85 103 75 118 6 49 62 39 52 90 108 21 123 11 29 67 80 114 2 40 58 96 73 86 104 17 30 7 45 63 76 119 91 109 22 35 53 25 68 81 124 12 41 59 97 110 3 100 18 31 74 87 64 77 115 8 46 23 36 54 92 105 82 120 13 26 69 98 111 4 42 55 32 70 88 101 19 116 9 47 60 78 50 93 106 24 37 14 27 65 83 121
0 44 58 97 111 94 108 22 36 50 33 72 86 100 19 122 11 25 69 83 61 75 119 8 47 82 121 10 29 68 46 60 79 118 7 110 4 43 57 96 54 93 107 21 35 18 32 71 85 104 39 53 92 106 20 103 17 31 70 89 67 81 120 14 28 6 45 64 78 117 95 114 3 42 56 116 5 49 63 77 55 99 113 2 41 24 38 52 91 105 88 102 16 30 74 27 66 80 124 13 73 87 101 15 34 12 26 65 84 123 76 115 9 48 62 40 59 98 112 1 109 23 37 51 90
0 45 65 85 105 124 19 39 59 79 93 113 8 28 73 62 82 102 22 42 31 51 96 116 11 101 21 41 61 81 95 115 10 30 50 69 89 109 4 49 38 58 78 123 18 7 27 72 92 112 77 122 17 37 57 71 91 111 6 26 40 60 80 100 20 14 34 54 99 119 108 3 48 68 88 53 98 118 13 33 47 67 87 107 2 16 36 56 76 121 110 5 25 70 90 84 104 24 44 64 29 74 94 114 9 23 43 63 83 103 117 12 32 52 97 86 106 1 46 66 55 75 120 15 35
0 46 67 88 109 104 20 41 62 83 78 124 15 36 57 52 98 119 10 31 26 72 93 114 5 1 47 68 89 105 100 21 42 63 84 79 120 16 37 58 53 99 115 11 32 27 73 94 110 6 2 48 69 85 106 101 22 43 64 80 75 121 17 38 59 54 95 116 12 33 28 74 90 111 7 3 49 65 86 107 102 23 44 60 81 76 122 18 39 55 50 96 117 13 34 29 70 91 112 8 4 45 66 87 108 103 24 40 61 82 77 123 19 35 56 51 97 118 14 30 25 71 92 113 9
0 47 69 86 108 109 1 48 65 87 88 105 2 49 66 67 89 106 3 45 46 68 85 107 4 26 73 90 112 9 5 27 74 91 113 114 6 28 70 92 93 110 7 29 71 72 94 111 8 25 52 99 116 13 30 31 53 95 117 14 10 32 54 96 118 119 11 33 50 97 98 115 12 34 51 78 120 17 39 56 57 79 121 18 35 36 58 75 122 19 15 37 59 76 123 124 16 38 55 77 104 21 43 60 82 83 100 22 44 61 62 84 101 23 40 41 63 80 102 24 20 42 64 81 103
0 48 66 89 107 114 7 25 73 91 98 116 14 32 50 57 75 123 16 39 41 64 82 100 23 51 99 117 10 33 35 58 76 124 17 24 42 60 83 101 108 1 49 67 85 92 110 8 26 74 102 20 43 61 84 86 109 2 45 68 70 93 111 9 27 34 52 95 118 11 18 36 59 77 120 28 71 94 112 5 12 30 53 96 119 121 19 37 55 78 80 103 21 44 62 69 87 105 3 46 79 122 15 38 56 63 81 104 22 40 47 65 88 106 4 6 29 72 90 113 115 13 31 54 97
0 49 68 87 106 119 13 32 51 95 83 102 21 40 64 72 91 110 9 28 36 55 79 123 17 76 120 19 38 57 65 89 108 2 46 34 53 97 116 10 23 42 61 80 104 112 6 25 74 93 27 71 90 114 8 16 35 59 78 122 105 4 48 67 86 99 118 12 31 50 63 82 101 20 44 103 22 41 60 84 92 111 5 29 73 56 75 124 18 37 45 69 88 107 1 14 33 52 96 115 54 98 117 11 30 43 62 81 100 24 7 26 70 94 113 121 15 39 58 77 85 109 3 47 66
0 50 100 25 75 18 68 118 43 93 6 56 106 31 81 24 74 124 49 99 12 62 112 37 87 90 15 65 115 40 83 8 58 108 33 96 21 71 121 46 89 14 64 114 39 77 2 52 102 27 30 80 5 55 105 48 98 23 73 123 36 86 11 61 111 29 79 4 54 104 42 92 17 67 117 120 45 95 20 70 113 38 88 13 63 101 26 76 1 51 119 44 94 19 69 107 32 82 7 57 60 110 35 85 10 53 103 28 78 3 66 116 41 91 16 59 109 34 84 9 72 122 47 97 22
0 51 102 28 79 23 74 120 46 97 16 67 118 44 90 14 60 111 37 88 7 58 109 30 81 115 41 92 18 69 113 39 85 11 62 106 32 83 9 55 104 25 76 2 53 122 48 99 20 71 80 6 57 108 34 78 4 50 101 27 96 22 73 124 45 94 15 66 117 43 87 13 64 110 36 70 121 47 98 24 68 119 40 91 17 61 112 38 89 10 59 105 31 82 8 52 103 29 75 1 35 86 12 63 114 33 84 5 56 107 26 77 3 54 100 49 95 21 72 123 42 93 19 65 116
0 52 104 26 78 3 50 102 29 76 1 53 100 27 79 4 51 103 25 77 2 54 101 28 75 15 67 119 41 93 18 65 117 44 91 16 68 115 42 94 19 66 118 40 92 17 69 116 43 90 5 57 109 31 83 8 55 107 34 81 6 58 105 32 84 9 56 108 30 82 7 59 106 33 80 20 72 124 46 98 23 70 122 49 96 21 73 120 47 99 24 71 123 45 97 22 74 121 48 95 10 62 114 36 88 13 60 112 39 86 11 63 110 37 89 14 61 113 35 87 12 64 111 38 85
0 53 101 29 77 8 56 109 32 80 11 64 112 35 88 19 67 115 43 91 22 70 123 46 99 40 93 16 69 117 48 96 24 72 120 26 79 2 50 103 34 82 5 58 106 37 85 13 61 114 55 108 31 84 7 63 111 39 87 10 66 119 42 90 18 74 122 45 98 21 52 100 28 76 4 95 23 71 124 47 78 1 54 102 25 81 9 57 105 33 89 12 60 113 36 92 15 68 116 44 110 38 86 14 62 118 41 94 17 65 121 49 97 20 73 104 27 75 3 51 107 30 83 6 59
0 54 103 27 76 13 62 111 35 89 21 70 124 48 97 9 58 107 31 80 17 66 115 44 93 65 119 43 92 16 53 102 26 75 4 61 110 39 88 12 74 123 47 96 20 57 106 30 84 8 105 34 83 7 56 118 42 91 15 69 101 25 79 3 52 114 38 87 11 60 122 46 95 24 73 45 99 23 72 121 33 82 6 55 109 41 90 19 68 117 29 78 2 51 100 37 86 10 64 113 85 14 63 112 36 98 22 71 120 49 81 5 59 108 32 94 18 67 116 40 77 1 50 104 28
0 55 110 40 95 43 98 3 58 113 56 111 41 96 1 99 4 59 114 44 112 42 97 2 57 89 19 74 104 34 102 32 87 17 72 15 70 100 30 85 33 88 18 73 103 71 101 31 86 16 48 78 8 63 118 61 116 46 76 6 79 9 64 119 49 117 47 77 7 62 5 60 115 45 75 107 37 92 22 52 20 50 105 35 90 38 93 23 53 108 51 106 36 91 21 94 24 54 109 39 66 121 26 81 11 84 14 69 124 29 122 27 82 12 67 10 65 120 25 80 28 83 13 68 123
0 56 112 43 99 48 79 5 61 117 66 122 28 84 10 89 15 71 102 33 107 38 94 20 51 114 40 96 2 58 7 63 119 45 76 25 81 12 68 124 73 104 30 86 17 91 22 53 109 35 98 4 55 111 42 116 47 78 9 60 14 65 121 27 83 32 88 19 70 101 50 106 37 93 24 57 113 44 95 1 75 6 62 118 49 123 29 80 11 67 16 72 103 34 85 39 90 21 52 108 41 97 3 59 110 64 115 46 77 8 82 13 69 120 26 100 31 87 18 74 23 54 105 36 92
0 57 114 41 98 28 80 12 69 121 51 108 35 92 24 79 6 63 115 47 102 34 86 18 70 14 66 123 25 82 37 94 21 53 105 60 117 49 76 8 88 15 72 104 31 111 43 95 2 59 23 50 107 39 91 46 78 5 62 119 74 101 33 85 17 97 4 56 113 40 120 27 84 11 68 7 64 116 48 75 30 87 19 71 103 58 110 42 99 1 81 13 65 122 29 109 36 93 20 52 16 73 100 32 89 44 96 3 55 112 67 124 26 83 10 90 22 54 106 38 118 45 77 9 61
0 58 111 44 97 33 86 19 72 100 61 119 47 75 8 94 22 50 108 36 122 25 83 11 69 39 92 20 53 106 67 120 28 81 14 95 3 56 114 42 103 31 89 17 70 6 64 117 45 78 73 101 34 87 15 76 9 62 115 48 109 37 90 23 51 12 65 123 26 84 40 98 1 59 112 82 10 68 121 29 110 43 96 4 57 18 71 104 32 85 46 79 7 60 118 54 107 35 93 21 116 49 77 5 63 24 52 105 38 91 27 80 13 66 124 55 113 41 99 2 88 16 74 102 30
0 59 113 42 96 38 92 21 50 109 71 100 34 88 17 84 13 67 121 25 117 46 75 9 63 64 118 47 76 5 97 1 55 114 43 105 39 93 22 51 18 72 101 30 89 26 80 14 68 122 123 27 81 10 69 6 60 119 48 77 44 98 2 56 110 52 106 35 94 23 85 19 73 102 31 32 86 15 74 103 65 124 28 82 11 78 7 61 115 49 111 40 99 3 57 24 53 107 36 90 91 20 54 108 37 104 33 87 16 70 12 66 120 29 83 45 79 8 62 116 58 112 41 95 4
0 60 120 30 90 68 103 38 98 8 106 41 76 11 71 49 84 19 54 114 87 22 57 117 27 83 18 53 113 48 21 56 116 26 86 64 124 34 94 4 102 37 97 7 67 40 75 10 70 105 36 96 6 66 101 79 14 74 109 44 17 52 112 47 82 55 115 25 85 20 123 33 93 3 63 119 29 89 24 59 32 92 2 62 122 95 5 65 100 35 13 73 108 43 78 51 111 46 81 16 72 107 42 77 12 110 45 80 15 50 28 88 23 58 118 91 1 61 121 31 9 69 104 39 99
0 61 122 33 94 73 109 40 76 12 116 27 88 24 55 39 95 6 67 103 82 18 54 110 46 108 44 75 11 72 26 87 23 59 115 99 5 66 102 38 17 53 114 45 81 60 121 32 93 4 86 22 58 119 25 9 65 101 37 98 52 113 49 80 16 120 31 92 3 64 43 79 10 71 107 69 100 36 97 8 112 48 84 15 51 30 91 2 63 124 78 14 70 106 42 21 57 118 29 85 47 83 19 50 111 90 1 62 123 34 13 74 105 41 77 56 117 28 89 20 104 35 96 7 68
0 62 124 31 93 53 110 47 84 16 101 38 95 7 69 29 86 23 55 117 77 14 71 108 40 8 65 102 39 96 56 118 25 87 24 109 41 78 10 72 32 94 1 63 120 80 17 54 111 48 11 73 105 42 79 64 121 33 90 2 112 49 81 18 50 35 97 9 66 103 88 20 57 119 26 19 51 113 45 82 67 104 36 98 5 115 27 89 21 58 43 75 12 74 106 91 3 60 122 34 22 59 116 28 85 70 107 44 76 13 123 30 92 4 61 46 83 15 52 114 99 6 68 100 37
0 63 121 34 92 58 116 29 87 20 111 49 82 15 53 44 77 10 73 106 97 5 68 101 39 33 91 4 62 120 86 24 57 115 28 19 52 110 48 81 72 105 43 76 14 100 38 96 9 67 61 124 32 90 3 119 27 85 23 56 47 80 18 51 114 75 13 71 109 42 8 66 104 37 95 94 2 60 123 31 22 55 118 26 89 50 113 46 84 17 108 41 79 12 70 36 99 7 65 103 122 30 93 1 64 25 88 21 59 117 83 16 54 112 45 11 74 107 40 78 69 102 35 98 6
0 64 123 32 91 63 122 31 90 4 121 30 94 3 62 34 93 2 61 120 92 1 60 124 33 58 117 26 85 24 116 25 89 23 57 29 88 22 56 115 87 21 55 119 28 20 59 118 27 86 111 45 84 18 52 49 83 17 51 110 82 16 50 114 48 15 54 113 47 81 53 112 46 80 19 44 78 12 71 105 77 11 70 109 43 10 74 108 42 76 73 107 41 75 14 106 40 79 13 72 97 6 65 104 38 5 69 103 37 96 68 102 36 95 9 101 35 99 8 67 39 98 7 66 100
0 65 105 45 85 93 8 73 113 28 31 96 11 51 116 124 39 79 19 59 62 102 42 82 22 77 17 57 122 37 40 80 20 60 100 108 48 88 3 68 71 111 26 91 6 14 54 119 34 99 29 94 9 74 114 117 32 97 12 52 55 120 35 75 15 23 63 103 43 83 86 1 66 106 46 101 41 81 21 61 69 109 49 89 4 7 72 112 27 92 95 10 50 115 30 38 78 18 58 123 53 118 33 98 13 16 56 121 36 76 84 24 64 104 44 47 87 2 67 107 110 25 90 5 70
0 66 107 48 89 98 14 50 116 32 41 82 23 64 100 114 25 91 7 73 57 123 39 75 16 102 43 84 20 61 70 111 27 93 9 18 59 120 36 77 86 2 68 109 45 34 95 11 52 118 79 15 56 122 38 47 88 4 65 106 115 31 97 13 54 63 104 40 81 22 6 72 113 29 90 51 117 33 99 10 24 60 101 42 83 92 8 74 110 26 35 76 17 58 124 108 49 85 1 67 28 94 5 71 112 121 37 78 19 55 69 105 46 87 3 12 53 119 30 96 80 21 62 103 44
0 67 109 46 88 78 15 57 124 36 26 93 5 72 114 104 41 83 20 62 52 119 31 98 10 2 69 106 48 85 75 17 59 121 38 28 90 7 74 111 101 43 80 22 64 54 116 33 95 12 4 66 108 45 87 77 19 56 123 35 25 92 9 71 113 103 40 82 24 61 51 118 30 97 14 1 68 105 47 89 79 16 58 120 37 27 94 6 73 110 100 42 84 21 63 53 115 32 99 11 3 65 107 49 86 76 18 55 122 39 29 91 8 70 112 102 44 81 23 60 50 117 34 96 13
0 68 106 49 87 83 21 64 102 40 36 79 17 55 123 119 32 95 13 51 72 110 28 91 9 27 90 8 71 114 105 48 86 4 67 63 101 44 82 20 16 59 122 35 78 99 12 50 118 31 54 117 30 98 11 7 70 113 26 94 85 3 66 109 47 43 81 24 62 100 121 39 77 15 58 76 19 57 120 38 34 97 10 53 116 112 25 93 6 74 65 108 46 89 2 23 61 104 42 80 103 41 84 22 60 56 124 37 75 18 14 52 115 33 96 92 5 73 111 29 45 88 1 69 107
0 69 108 47 86 88 2 66 105 49 46 85 4 68 107 109 48 87 1 65 67 106 45 89 3 52 116 30 99 13 10 54 118 32 96 98 12 51 115 34 31 95 14 53 117 119 33 97 11 50 104 43 82 21 60 62 101 40 84 23 20 64 103 42 81 83 22 61 100 44 41 80 24 63 102 26 90 9 73 112 114 28 92 6 70 72 111 25 94 8 5 74 113 27 91 93 7 71 110 29 78 17 56 120 39 36 75 19 58 122 124 38 77 16 55 57 121 35 79 18 15 59 123 37 76
0 70 115 35 80 118 38 83 3 73 81 1 71 116 36 74 119 39 84 4 37 82 2 72 117 96 16 61 106 26 64 109 29 99 19 27 97 17 62 107 15 60 105 25 95 108 28 98 18 63 42 87 7 52 122 5 50 120 40 85 123 43 88 8 53 86 6 51 121 41 54 124 44 89 9 113 33 78 23 68 76 21 66 111 31 69 114 34 79 24 32 77 22 67 112 20 65 110 30 75 59 104 49 94 14 47 92 12 57 102 10 55 100 45 90 103 48 93 13 58 91 11 56 101 46
0 71 117 38 84 123 44 85 6 52 91 12 58 104 45 64 105 26 97 18 32 78 24 65 111 121 42 88 9 50 94 10 56 102 48 62 108 29 95 16 30 76 22 68 114 3 74 115 36 82 92 13 59 100 46 60 106 27 98 19 33 79 20 66 112 1 72 118 39 80 124 40 86 7 53 63 109 25 96 17 31 77 23 69 110 4 70 116 37 83 122 43 89 5 51 90 11 57 103 49 34 75 21 67 113 2 73 119 35 81 120 41 87 8 54 93 14 55 101 47 61 107 28 99 15
0 72 119 36 83 103 45 92 14 56 76 23 65 112 34 54 121 43 85 7 27 99 16 63 105 21 68 110 32 79 124 41 88 5 52 97 19 61 108 25 70 117 39 81 3 48 90 12 59 101 17 64 106 28 95 115 37 84 1 73 93 10 57 104 46 66 113 30 77 24 44 86 8 50 122 13 55 102 49 91 111 33 75 22 69 89 6 53 120 42 62 109 26 98 15 35 82 4 71 118 9 51 123 40 87 107 29 96 18 60 80 2 74 116 38 58 100 47 94 11 31 78 20 67 114
0 73 116 39 82 108 26 99 17 60 86 9 52 120 43 69 112 30 78 21 47 90 13 56 104 46 94 12 55 103 4 72 115 38 81 107 25 98 16 64 85 8 51 124 42 68 111 34 77 20 67 110 33 76 24 45 93 11 59 102 3 71 119 37 80 106 29 97 15 63 89 7 50 123 41 88 6 54 122 40 66 114 32 75 23 49 92 10 58 101 2 70 118 36 84 105 28 96 19 62 109 27 95 18 61 87 5 53 121 44 65 113 31 79 22 48 91 14 57 100 1 74 117 35 83
0 74 118 37 81 113 32 76 20 69 96 15 64 108 27 59 103 47 91 10 42 86 5 54 123 71 115 39 83 2 34 78 22 66 110 17 61 105 29 98 100 49 93 12 56 88 7 51 120 44 117 36 80 4 73 75 24 68 112 31 63 107 26 95 19 46 90 14 58 102 9 53 122 41 85 38 82 1 70 119 21 65 114 33 77 109 28 97 16 60 92 11 55 104 48 50 124 43 87 6 84 3 72 116 35 67 111 30 79 23 25 99 18 62 106 13 57 101 45 94 121 40 89 8 52
0 75 25 100 50 12 87 37 112 62 24 99 49 124 74 6 81 31 106 56 18 93 43 118 68 60 10 85 35 110 72 22 97 47 122 59 9 84 34 109 66 16 91 41 116 53 3 78 28 103 120 70 20 95 45 107 57 7 82 32 119 69 19 94 44 101 51 1 76 26 113 63 13 88 38 30 105 55 5 80 42 117 67 17 92 29 104 54 4 79 36 111 61 11 86 48 123 73 23 98 90 40 115 65 15 77 27 102 52 2 89 39 114 64 14 96 46 121 71 21 83 33 108 58 8
0 76 27 103 54 17 93 44 115 66 9 80 31 107 58 21 97 48 124 70 13 89 35 111 62 85 36 112 63 14 77 28 104 50 1 94 40 116 67 18 81 32 108 59 5 98 49 120 71 22 45 121 72 23 99 37 113 64 10 86 29 100 51 2 78 41 117 68 19 90 33 109 55 6 82 105 56 7 83 34 122 73 24 95 46 114 60 11 87 38 101 52 3 79 25 118 69 15 91 42 65 16 92 43 119 57 8 84 30 106 74 20 96 47 123 61 12 88 39 110 53 4 75 26 102
0 77 29 101 53 22 99 46 123 70 19 91 43 115 67 11 88 35 112 64 8 80 32 109 56 110 62 14 86 38 107 59 6 83 30 104 51 3 75 27 121 73 20 97 49 118 65 17 94 41 95 47 124 71 23 92 44 116 68 15 89 36 113 60 12 81 33 105 57 9 78 25 102 54 1 55 7 84 31 108 52 4 76 28 100 74 21 98 45 122 66 18 90 42 119 63 10 87 39 111 40 117 69 16 93 37 114 61 13 85 34 106 58 5 82 26 103 50 2 79 48 120 72 24 96
0 78 26 104 52 2 75 28 101 54 4 77 25 103 51 1 79 27 100 53 3 76 29 102 50 10 88 36 114 62 12 85 38 111 64 14 87 35 113 61 11 89 37 110 63 13 86 39 112 60 20 98 46 124 72 22 95 48 121 74 24 97 45 123 71 21 99 47 120 73 23 96 49 122 70 5 83 31 109 57 7 80 33 106 59 9 82 30 108 56 6 84 32 105 58 8 81 34 107 55 15 93 41 119 67 17 90 43 116 69 19 92 40 118 66 16 94 42 115 68 18 91 44 117 65
0 79 28 102 51 7 81 30 109 58 14 88 37 111 60 16 90 44 118 67 23 97 46 120 74 35 114 63 12 86 42 116 65 19 93 49 123 72 21 95 26 100 54 3 77 33 107 56 5 84 70 24 98 47 121 52 1 75 29 103 59 8 82 31 105 61 10 89 38 112 68 17 91 40 119 80 34 108 57 6 87 36 110 64 13 94 43 117 66 15 96 45 124 73 22 78 27 101 50 4 115 69 18 92 41 122 71 20 99 48 104 53 2 76 25 106 55 9 83 32 113 62 11 85 39
0 80 35 115 70 37 117 72 2 82 74 4 84 39 119 81 36 116 71 1 118 73 3 83 38 59 14 94 49 104 91 46 101 56 11 103 58 13 93 48 10 90 45 100 55 47 102 57 12 92 113 68 23 78 33 20 75 30 110 65 32 112 67 22 77 69 24 79 34 114 76 31 111 66 21 42 122 52 7 87 54 9 89 44 124 86 41 121 51 6 123 53 8 88 43 5 85 40 120 50 96 26 106 61 16 108 63 18 98 28 15 95 25 105 60 27 107 62 17 97 64 19 99 29 109
0 81 37 118 74 42 123 54 5 86 59 10 91 47 103 96 27 108 64 15 113 69 20 76 32 84 35 116 72 3 121 52 8 89 40 13 94 45 101 57 25 106 62 18 99 67 23 79 30 111 38 119 70 1 82 50 6 87 43 124 92 48 104 55 11 109 60 16 97 28 21 77 33 114 65 117 73 4 80 36 9 85 41 122 53 46 102 58 14 90 63 19 95 26 107 75 31 112 68 24 71 2 83 39 115 88 44 120 51 7 100 56 12 93 49 17 98 29 105 61 34 110 66 22 78
0 82 39 116 73 47 104 56 13 90 69 21 78 30 112 86 43 120 52 9 108 60 17 99 26 109 61 18 95 27 1 83 35 117 74 48 100 57 14 91 65 22 79 31 113 87 44 121 53 5 88 40 122 54 6 105 62 19 96 28 2 84 36 118 70 49 101 58 10 92 66 23 75 32 114 67 24 76 33 110 89 41 123 50 7 106 63 15 97 29 3 80 37 119 71 45 102 59 11 93 46 103 55 12 94 68 20 77 34 111 85 42 124 51 8 107 64 16 98 25 4 81 38 115 72
0 83 36 119 72 27 105 63 16 99 54 7 85 43 121 76 34 112 65 23 103 56 14 92 45 9 87 40 123 51 31 114 67 20 78 58 11 94 47 100 80 38 116 74 2 107 60 18 96 29 13 91 49 102 55 35 118 71 4 82 62 15 98 26 109 89 42 120 53 6 111 69 22 75 33 17 95 28 106 64 44 122 50 8 86 66 24 77 30 113 93 46 104 57 10 115 73 1 84 37 21 79 32 110 68 48 101 59 12 90 70 3 81 39 117 97 25 108 61 19 124 52 5 88 41
0 84 38 117 71 32 111 65 24 78 64 18 97 26 105 91 45 104 58 12 123 52 6 85 44 34 113 67 21 75 61 15 99 28 107 93 47 101 55 14 120 54 8 87 41 2 81 35 119 73 63 17 96 25 109 90 49 103 57 11 122 51 5 89 43 4 83 37 116 70 31 110 69 23 77 92 46 100 59 13 124 53 7 86 40 1 80 39 118 72 33 112 66 20 79 60 19 98 27 106 121 50 9 88 42 3 82 36 115 74 30 114 68 22 76 62 16 95 29 108 94 48 102 56 10
0 85 45 105 65 62 22 82 42 102 124 59 19 79 39 31 116 51 11 96 93 28 113 73 8 53 13 98 33 118 110 70 5 90 25 47 107 67 2 87 84 44 104 64 24 16 76 36 121 56 101 61 21 81 41 38 123 58 18 78 95 30 115 50 10 7 92 27 112 72 69 4 89 49 109 29 114 74 9 94 86 46 106 66 1 23 83 43 103 63 55 15 75 35 120 117 52 12 97 32 77 37 122 57 17 14 99 34 119 54 71 6 91 26 111 108 68 3 88 48 40 100 60 20 80
0 86 47 108 69 67 3 89 45 106 109 65 1 87 48 46 107 68 4 85 88 49 105 66 2 78 39 120 56 17 15 76 37 123 59 57 18 79 35 121 124 55 16 77 38 36 122 58 19 75 26 112 73 9 90 93 29 110 71 7 5 91 27 113 74 72 8 94 25 111 114 70 6 92 28 104 60 21 82 43 41 102 63 24 80 83 44 100 61 22 20 81 42 103 64 62 23 84 40 101 52 13 99 30 116 119 50 11 97 33 31 117 53 14 95 98 34 115 51 12 10 96 32 118 54
0 87 49 106 68 72 9 91 28 110 119 51 13 95 32 36 123 55 17 79 83 40 102 64 21 103 60 22 84 41 45 107 69 1 88 92 29 111 73 5 14 96 33 115 52 56 18 75 37 124 76 38 120 57 19 23 80 42 104 61 65 2 89 46 108 112 74 6 93 25 34 116 53 10 97 54 11 98 30 117 121 58 15 77 39 43 100 62 24 81 85 47 109 66 3 7 94 26 113 70 27 114 71 8 90 99 31 118 50 12 16 78 35 122 59 63 20 82 44 101 105 67 4 86 48
0 88 46 109 67 52 10 98 31 119 104 62 20 83 41 26 114 72 5 93 78 36 124 57 15 3 86 49 107 65 50 13 96 34 117 102 60 23 81 44 29 112 70 8 91 76 39 122 55 18 1 89 47 105 68 53 11 99 32 115 100 63 21 84 42 27 110 73 6 94 79 37 120 58 16 4 87 45 108 66 51 14 97 30 118 103 61 24 82 40 25 113 71 9 92 77 35 123 56 19 2 85 48 106 69 54 12 95 33 116 101 64 22 80 43 28 111 74 7 90 75 38 121 59 17
0 89 48 107 66 57 16 75 39 123 114 73 7 91 25 41 100 64 23 82 98 32 116 50 14 28 112 71 5 94 80 44 103 62 21 12 96 30 119 53 69 3 87 46 105 121 55 19 78 37 51 10 99 33 117 108 67 1 85 49 35 124 58 17 76 92 26 110 74 8 24 83 42 101 60 79 38 122 56 15 6 90 29 113 72 63 22 81 40 104 115 54 13 97 31 47 106 65 4 88 102 61 20 84 43 34 118 52 11 95 86 45 109 68 2 18 77 36 120 59 70 9 93 27 111
0 90 30 120 60 87 27 117 57 22 49 114 54 19 84 106 71 11 76 41 68 8 98 38 103 72 12 77 42 107 9 99 39 104 69 91 31 121 61 1 28 118 58 23 88 110 50 15 80 45 119 59 24 89 29 51 16 81 46 111 13 78 43 108 73 95 35 100 65 5 32 122 62 2 92 36 101 66 6 96 123 63 3 93 33 55 20 85 25 115 17 82 47 112 52 79 44 109 74 14 83 48 113 53 18 40 105 70 10 75 102 67 7 97 37 64 4 94 34 124 21 86 26 116 56
0 91 32 123 64 92 33 124 60 1 34 120 61 2 93 121 62 3 94 30 63 4 90 31 122 97 38 104 65 6 39 100 66 7 98 101 67 8 99 35 68 9 95 36 102 5 96 37 103 69 44 105 71 12 78 106 72 13 79 40 73 14 75 41 107 10 76 42 108 74 77 43 109 70 11 111 52 18 84 45 53 19 80 46 112 15 81 47 113 54 82 48 114 50 16 49 110 51 17 83 58 24 85 26 117 20 86 27 118 59 87 28 119 55 21 29 115 56 22 88 116 57 23 89 25
0 92 34 121 63 97 39 101 68 5 44 106 73 10 77 111 53 15 82 49 58 20 87 29 116 122 64 1 93 30 69 6 98 35 102 11 78 40 107 74 83 45 112 54 16 25 117 59 21 88 94 31 123 60 2 36 103 65 7 99 108 70 12 79 41 50 17 84 46 113 22 89 26 118 55 61 3 90 32 124 8 95 37 104 66 75 42 109 71 13 47 114 51 18 80 119 56 23 85 27 33 120 62 4 91 100 67 9 96 38 72 14 76 43 105 19 81 48 110 52 86 28 115 57 24
0 93 31 124 62 77 40 108 71 14 29 117 55 23 86 101 69 7 95 38 53 16 84 47 110 22 85 28 116 59 99 37 100 68 6 46 114 52 15 83 123 61 4 92 30 70 13 76 44 107 19 82 45 113 51 91 34 122 60 3 43 106 74 12 75 115 58 21 89 27 67 5 98 36 104 11 79 42 105 73 88 26 119 57 20 35 103 66 9 97 112 50 18 81 49 64 2 90 33 121 8 96 39 102 65 80 48 111 54 17 32 120 63 1 94 109 72 10 78 41 56 24 87 25 118
0 94 33 122 61 82 46 110 54 18 39 103 67 6 95 116 55 24 88 27 73 12 76 40 109 47 111 50 19 83 104 68 7 96 35 56 20 89 28 117 13 77 41 105 74 90 34 123 62 1 69 8 97 36 100 21 85 29 118 57 78 42 106 70 14 30 124 63 2 91 112 51 15 84 48 86 25 119 58 22 43 107 71 10 79 120 64 3 92 31 52 16 80 49 113 9 98 37 101 65 108 72 11 75 44 60 4 93 32 121 17 81 45 114 53 99 38 102 66 5 26 115 59 23 87
0 95 40 110 55 112 57 2 97 42 99 44 114 59 4 56 1 96 41 111 43 113 58 3 98 66 11 81 26 121 28 123 68 13 83 10 80 25 120 65 122 67 12 82 27 84 29 124 69 14 107 52 22 92 37 94 39 109 54 24 51 21 91 36 106 38 108 53 23 93 20 90 35 105 50 48 118 63 8 78 5 75 45 115 60 117 62 7 77 47 79 49 119 64 9 61 6 76 46 116 89 34 104 74 19 71 16 86 31 101 33 103 73 18 88 15 85 30 100 70 102 72 17 87 32
0 96 42 113 59 117 63 9 75 46 84 25 121 67 13 71 17 88 34 100 38 109 50 21 92 91 37 108 54 20 58 4 95 41 112 45 116 62 8 79 12 83 29 120 66 104 70 16 87 33 32 103 74 15 86 24 90 36 107 53 111 57 3 99 40 78 49 115 61 7 65 11 82 28 124 123 69 10 81 27 85 31 102 73 19 52 23 94 35 106 44 110 56 2 98 6 77 48 119 60 64 5 76 47 118 26 122 68 14 80 18 89 30 101 72 105 51 22 93 39 97 43 114 55 1
0 97 44 111 58 122 69 11 83 25 94 36 108 50 22 61 8 75 47 119 33 100 72 19 86 116 63 5 77 49 88 30 102 74 16 55 2 99 41 113 27 124 66 13 80 24 91 38 105 52 82 29 121 68 10 54 21 93 35 107 46 118 60 7 79 18 85 32 104 71 110 57 4 96 43 73 15 87 34 101 40 112 59 1 98 12 84 26 123 65 109 51 23 90 37 76 48 115 62 9 39 106 53 20 92 6 78 45 117 64 103 70 17 89 31 95 42 114 56 3 67 14 81 28 120
0 98 41 114 57 102 70 18 86 34 79 47 115 63 6 51 24 92 35 108 28 121 69 12 80 16 89 32 100 73 118 61 9 77 45 90 38 106 54 22 67 10 83 26 124 44 112 55 3 96 7 75 48 116 64 109 52 20 93 36 81 29 122 65 13 58 1 99 42 110 30 103 71 19 87 23 91 39 107 50 120 68 11 84 27 97 40 113 56 4 74 17 85 33 101 46 119 62 5 78 14 82 25 123 66 111 59 2 95 43 88 31 104 72 15 60 8 76 49 117 37 105 53 21 94
0 99 43 112 56 107 51 20 94 38 89 33 102 71 15 66 10 84 28 122 48 117 61 5 79 41 110 59 3 97 23 92 36 105 54 100 74 18 87 31 82 26 120 69 13 64 8 77 46 115 57 1 95 44 113 39 108 52 21 90 16 85 34 103 72 123 67 11 80 29 75 49 118 62 6 98 42 111 55 4 50 24 93 37 106 32 101 70 19 88 14 83 27 121 65 116 60 9 78 47 114 58 2 96 40 91 35 109 53 22 73 17 86 30 104 25 124 68 12 81 7 76 45 119 63
0 100 75 50 25 6 106 81 56 31 12 112 87 62 37 18 118 93 68 43 24 124 99 74 49 30 5 105 80 55 36 11 111 86 61 42 17 117 92 67 48 23 123 98 73 29 4 104 79 54 60 35 10 110 85 66 41 16 116 91 72 47 22 122 97 53 28 3 103 78 59 34 9 109 84 90 65 40 15 115 96 71 46 21 121 77 52 27 2 102 83 58 33 8 108 89 64 39 14 114 120 95 70 45 20 101 76 51 26 1 107 82 57 32 7 113 88 63 38 13 119 94 69 44 19
0 101 77 53 29 11 112 88 64 35 22 123 99 70 46 8 109 80 56 32 19 115 91 67 43 55 31 7 108 84 66 42 18 119 90 52 28 4 100 76 63 39 10 111 87 74 45 21 122 98 110 86 62 38 14 121 97 73 49 20 107 83 59 30 6 118 94 65 41 17 104 75 51 27 3 40 16 117 93 69 26 2 103 79 50 37 13 114 85 61 48 24 120 96 72 34 5 106 82 58 95 71 47 23 124 81 57 33 9 105 92 68 44 15 116 78 54 25 1 102 89 60 36 12 113
0 102 79 51 28 16 118 90 67 44 7 109 81 58 30 23 120 97 74 46 14 111 88 60 37 80 57 34 6 108 96 73 45 22 124 87 64 36 13 110 78 50 27 4 101 94 66 43 15 117 35 12 114 86 63 26 3 100 77 54 42 19 116 93 65 33 5 107 84 56 49 21 123 95 72 115 92 69 41 18 106 83 55 32 9 122 99 71 48 20 113 85 62 39 11 104 76 53 25 2 70 47 24 121 98 61 38 10 112 89 52 29 1 103 75 68 40 17 119 91 59 31 8 105 82
0 103 76 54 27 21 124 97 70 48 17 115 93 66 44 13 111 89 62 35 9 107 80 58 31 105 83 56 34 7 101 79 52 25 3 122 95 73 46 24 118 91 69 42 15 114 87 60 38 11 85 63 36 14 112 81 59 32 5 108 77 50 28 1 104 98 71 49 22 120 94 67 40 18 116 65 43 16 119 92 61 39 12 110 88 57 30 8 106 84 53 26 4 102 75 74 47 20 123 96 45 23 121 99 72 41 19 117 90 68 37 10 113 86 64 33 6 109 82 55 29 2 100 78 51
0 104 78 52 26 1 100 79 53 27 2 101 75 54 28 3 102 76 50 29 4 103 77 51 25 5 109 83 57 31 6 105 84 58 32 7 106 80 59 33 8 107 81 55 34 9 108 82 56 30 10 114 88 62 36 11 110 89 63 37 12 111 85 64 38 13 112 86 60 39 14 113 87 61 35 15 119 93 67 41 16 115 94 68 42 17 116 90 69 43 18 117 91 65 44 19 118 92 66 40 20 124 98 72 46 21 120 99 73 47 22 121 95 74 48 23 122 96 70 49 24 123 97 71 45
0 105 85 65 45 31 11 116 96 51 62 42 22 102 82 93 73 28 8 113 124 79 59 39 19 29 9 114 94 74 55 35 15 120 75 86 66 46 1 106 117 97 52 32 12 23 103 83 63 43 53 33 13 118 98 84 64 44 24 104 110 90 70 25 5 16 121 76 56 36 47 2 107 87 67 77 57 37 17 122 108 88 68 48 3 14 119 99 54 34 40 20 100 80 60 71 26 6 111 91 101 81 61 41 21 7 112 92 72 27 38 18 123 78 58 69 49 4 109 89 95 50 30 10 115
0 106 87 68 49 36 17 123 79 55 72 28 9 110 91 83 64 40 21 102 119 95 51 32 13 54 30 11 117 98 85 66 47 3 109 121 77 58 39 15 7 113 94 70 26 43 24 100 81 62 103 84 60 41 22 14 115 96 52 33 45 1 107 88 69 56 37 18 124 75 92 73 29 5 111 27 8 114 90 71 63 44 20 101 82 99 50 31 12 118 105 86 67 48 4 16 122 78 59 35 76 57 38 19 120 112 93 74 25 6 23 104 80 61 42 34 10 116 97 53 65 46 2 108 89
0 107 89 66 48 41 23 100 82 64 57 39 16 123 75 98 50 32 14 116 114 91 73 25 7 79 56 38 15 122 115 97 54 31 13 6 113 90 72 29 47 4 106 88 65 63 40 22 104 81 28 5 112 94 71 69 46 3 105 87 80 62 44 21 103 121 78 55 37 19 12 119 96 53 30 102 84 61 43 20 18 120 77 59 36 34 11 118 95 52 70 27 9 111 93 86 68 45 2 109 51 33 10 117 99 92 74 26 8 110 108 85 67 49 1 24 101 83 60 42 35 17 124 76 58
0 108 86 69 47 46 4 107 85 68 67 45 3 106 89 88 66 49 2 105 109 87 65 48 1 104 82 60 43 21 20 103 81 64 42 41 24 102 80 63 62 40 23 101 84 83 61 44 22 100 78 56 39 17 120 124 77 55 38 16 15 123 76 59 37 36 19 122 75 58 57 35 18 121 79 52 30 13 116 99 98 51 34 12 115 119 97 50 33 11 10 118 96 54 32 31 14 117 95 53 26 9 112 90 73 72 25 8 111 94 93 71 29 7 110 114 92 70 28 6 5 113 91 74 27
0 109 88 67 46 26 5 114 93 72 52 31 10 119 98 78 57 36 15 124 104 83 62 41 20 4 108 87 66 45 25 9 113 92 71 51 30 14 118 97 77 56 35 19 123 103 82 61 40 24 3 107 86 65 49 29 8 112 91 70 50 34 13 117 96 76 55 39 18 122 102 81 60 44 23 2 106 85 69 48 28 7 111 90 74 54 33 12 116 95 75 59 38 17 121 101 80 64 43 22 1 105 89 68 47 27 6 110 94 73 53 32 11 115 99 79 58 37 16 120 100 84 63 42 21
0 110 95 55 40 56 41 1 111 96 112 97 57 42 2 43 3 113 98 58 99 59 44 4 114 48 8 118 78 63 79 64 49 9 119 5 115 75 60 45 61 46 6 116 76 117 77 62 47 7 66 26 11 121 81 122 82 67 27 12 28 13 123 83 68 84 69 29 14 124 10 120 80 65 25 89 74 34 19 104 15 100 85 70 30 71 31 16 101 86 102 87 72 32 17 33 18 103 88 73 107 92 52 37 22 38 23 108 93 53 94 54 39 24 109 20 105 90 50 35 51 36 21 106 91
0 111 97 58 44 61 47 8 119 75 122 83 69 25 11 33 19 100 86 72 94 50 36 22 108 73 34 15 101 87 109 90 51 37 23 40 1 112 98 59 76 62 48 9 115 12 123 84 65 26 116 77 63 49 5 27 13 124 80 66 88 74 30 16 102 24 105 91 52 38 55 41 2 113 99 39 20 106 92 53 95 56 42 3 114 6 117 78 64 45 67 28 14 120 81 103 89 70 31 17 82 68 29 10 121 18 104 85 71 32 54 35 21 107 93 110 96 57 43 4 46 7 118 79 60
0 112 99 56 43 66 28 10 122 84 107 94 51 38 20 48 5 117 79 61 89 71 33 15 102 98 55 42 4 111 14 121 83 65 27 50 37 24 106 93 116 78 60 47 9 32 19 101 88 70 41 3 110 97 59 82 69 26 13 120 23 105 92 54 36 64 46 8 115 77 100 87 74 31 18 114 96 58 40 2 25 12 124 81 68 91 53 35 22 109 7 119 76 63 45 73 30 17 104 86 57 44 1 113 95 123 80 67 29 11 39 21 108 90 52 75 62 49 6 118 16 103 85 72 34
0 113 96 59 42 71 34 17 100 88 117 75 63 46 9 38 21 109 92 50 84 67 25 13 121 123 81 69 27 10 44 2 110 98 56 85 73 31 19 102 6 119 77 60 48 52 35 23 106 94 91 54 37 20 108 12 120 83 66 29 58 41 4 112 95 104 87 70 33 16 45 8 116 79 62 64 47 5 118 76 105 93 51 39 22 26 14 122 80 68 97 55 43 1 114 18 101 89 72 30 32 15 103 86 74 78 61 49 7 115 24 107 90 53 36 65 28 11 124 82 111 99 57 40 3
0 114 98 57 41 51 35 24 108 92 102 86 70 34 18 28 12 121 80 69 79 63 47 6 115 23 107 91 50 39 74 33 17 101 85 120 84 68 27 11 46 5 119 78 62 97 56 40 4 113 16 100 89 73 32 67 26 10 124 83 118 77 61 45 9 44 3 112 96 55 90 54 38 22 106 14 123 82 66 25 60 49 8 117 76 111 95 59 43 2 37 21 105 94 53 88 72 31 15 104 7 116 75 64 48 58 42 1 110 99 109 93 52 36 20 30 19 103 87 71 81 65 29 13 122
0 115 80 70 35 81 71 36 1 116 37 2 117 82 72 118 83 73 38 3 74 39 4 119 84 42 7 122 87 52 123 88 53 43 8 54 44 9 124 89 5 120 85 50 40 86 51 41 6 121 59 49 14 104 94 10 100 90 55 45 91 56 46 11 101 47 12 102 92 57 103 93 58 48 13 96 61 26 16 106 27 17 107 97 62 108 98 63 28 18 64 29 19 109 99 15 105 95 60 25 113 78 68 33 23 69 34 24 114 79 20 110 75 65 30 76 66 31 21 111 32 22 112 77 67
0 116 82 73 39 86 52 43 9 120 47 13 104 90 56 108 99 60 26 17 69 30 21 112 78 67 33 24 110 76 3 119 80 71 37 89 50 41 7 123 45 11 102 93 59 106 97 63 29 15 109 95 61 27 18 65 31 22 113 79 1 117 83 74 35 87 53 44 5 121 48 14 100 91 57 46 12 103 94 55 107 98 64 25 16 68 34 20 111 77 4 115 81 72 38 85 51 42 8 124 88 54 40 6 122 49 10 101 92 58 105 96 62 28 19 66 32 23 114 75 2 118 84 70 36
0 117 84 71 38 91 58 45 12 104 32 24 111 78 65 123 85 52 44 6 64 26 18 105 97 92 59 46 13 100 33 20 112 79 66 124 86 53 40 7 60 27 19 106 98 1 118 80 72 39 34 21 113 75 67 120 87 54 41 8 61 28 15 107 99 2 119 81 73 35 93 55 47 14 101 121 88 50 42 9 62 29 16 108 95 3 115 82 74 36 94 56 48 10 102 30 22 114 76 68 63 25 17 109 96 4 116 83 70 37 90 57 49 11 103 31 23 110 77 69 122 89 51 43 5
0 118 81 74 37 96 64 27 15 108 42 5 123 86 54 113 76 69 32 20 59 47 10 103 91 117 80 73 36 4 63 26 19 107 95 9 122 85 53 41 75 68 31 24 112 46 14 102 90 58 84 72 35 3 116 25 18 106 99 62 121 89 52 40 8 67 30 23 111 79 13 101 94 57 45 71 39 2 115 83 17 105 98 61 29 88 51 44 7 120 34 22 110 78 66 100 93 56 49 12 38 1 119 82 70 109 97 60 28 16 50 43 6 124 87 21 114 77 65 33 92 55 48 11 104
0 119 83 72 36 76 65 34 23 112 27 16 105 99 63 103 92 56 45 14 54 43 7 121 85 17 106 95 64 28 93 57 46 10 104 44 8 122 86 50 115 84 73 37 1 66 30 24 113 77 9 123 87 51 40 80 74 38 2 116 31 20 114 78 67 107 96 60 29 18 58 47 11 100 94 21 110 79 68 32 97 61 25 19 108 48 12 101 90 59 124 88 52 41 5 70 39 3 117 81 13 102 91 55 49 89 53 42 6 120 35 4 118 82 71 111 75 69 33 22 62 26 15 109 98
0 120 90 60 30 106 76 71 41 11 87 57 27 22 117 68 38 8 103 98 49 19 114 84 54 36 6 101 96 66 17 112 82 52 47 123 93 63 33 3 79 74 44 14 109 55 25 20 115 85 72 42 12 107 77 28 23 118 88 58 9 104 99 69 39 110 80 50 45 15 91 61 31 1 121 83 53 48 18 113 64 34 4 124 94 40 10 105 75 70 21 116 86 56 26 102 97 67 37 7 119 89 59 29 24 95 65 35 5 100 51 46 16 111 81 32 2 122 92 62 13 108 78 73 43
0 121 92 63 34 111 82 53 49 15 97 68 39 5 101 58 29 20 116 87 44 10 106 77 73 61 32 3 124 90 47 18 114 80 51 8 104 95 66 37 119 85 56 27 23 75 71 42 13 109 122 93 64 30 1 83 54 45 16 112 69 35 6 102 98 25 21 117 88 59 11 107 78 74 40 33 4 120 91 62 19 110 81 52 48 100 96 67 38 9 86 57 28 24 115 72 43 14 105 76 94 60 31 2 123 50 46 17 113 84 36 7 103 99 65 22 118 89 55 26 108 79 70 41 12
0 122 94 61 33 116 88 55 27 24 82 54 46 18 110 73 40 12 109 76 39 6 103 95 67 86 58 25 22 119 52 49 16 113 80 43 10 107 79 71 9 101 98 65 37 120 92 64 31 3 47 19 111 83 50 13 105 77 74 41 104 96 68 35 7 90 62 34 1 123 56 28 20 117 89 108 75 72 44 11 99 66 38 5 102 60 32 4 121 93 26 23 115 87 59 17 114 81 53 45 69 36 8 100 97 30 2 124 91 63 21 118 85 57 29 112 84 51 48 15 78 70 42 14 106
0 123 91 64 32 121 94 62 30 3 92 60 33 1 124 63 31 4 122 90 34 2 120 93 61 111 84 52 45 18 82 50 48 16 114 53 46 19 112 80 49 17 110 83 51 15 113 81 54 47 97 65 38 6 104 68 36 9 102 95 39 7 100 98 66 5 103 96 69 37 101 99 67 35 8 58 26 24 117 85 29 22 115 88 56 20 118 86 59 27 116 89 57 25 23 87 55 28 21 119 44 12 105 78 71 10 108 76 74 42 106 79 72 40 13 77 70 43 11 109 73 41 14 107 75
0 124 93 62 31 101 95 69 38 7 77 71 40 14 108 53 47 16 110 84 29 23 117 86 55 11 105 79 73 42 112 81 50 49 18 88 57 26 20 119 64 33 2 121 90 35 9 103 97 66 22 116 85 59 28 123 92 61 30 4 99 68 37 6 100 70 44 13 107 76 46 15 114 83 52 8 102 96 65 39 109 78 72 41 10 80 54 48 17 111 56 25 24 118 87 32 1 120 94 63 19 113 82 51 45 115 89 58 27 21 91 60 34 3 122 67 36 5 104 98 43 12 106 75 74
