0
1
3
6
3
6
2
18
38
114
171
114
171
171
18
38
114
171
114
171
171
9
342
342
57
342
57
19
18
38
114
171
114
171
171
9
342
342
57
342
57
19
9
342
342
57
342
57
19
9
342
342
342
342
342
342
171
171
57
342
114
342
171
171
19
38
171
171
342
342
114
171
57
342
171
171
57
171
114
171
342
57
171
342
38
171
171
171
57
57
342
114
19
171
19
171
342
171
9
342
342
342
342
342
342
171
19
38
171
171
342
342
171
114
171
342
57
171
342
114
19
171
19
171
342
171
171
171
57
342
114
342
171
114
171
57
342
171
171
57
38
171
171
171
57
57
342
18
171
171
171
171
171
171
57
114
342
342
171
114
342
57
342
171
342
38
342
38
342
171
171
342
342
19
38
19
171
114
114
342
342
342
342
342
171
57
171
114
342
342
171
342
114
171
342
57
9
342
342
342
342
342
342
171
114
171
342
57
171
342
171
171
57
342
114
342
171
38
171
171
171
57
57
342
171
19
38
171
171
342
342
114
19
171
19
171
342
171
114
171
57
342
171
171
57
18
171
171
171
171
171
171
19
171
114
114
342
342
342
57
114
342
342
171
114
342
342
342
171
57
171
114
342
57
342
171
342
38
342
38
342
171
342
114
171
342
57
342
171
171
342
342
19
38
18
171
171
171
171
171
171
57
342
171
342
38
342
38
19
171
114
114
342
342
342
342
171
342
114
171
342
57
57
114
342
342
171
114
342
342
171
171
342
342
19
38
342
342
171
57
171
114
342
